index,mean_x,mean_y,mean_z,std_x,std_y,std_z,label,file_id
0,0.3739435157999998,-0.9349384200000002,-0.1019029425,0.0152151318791762,0.0195911357605392,0.0151676954225074,1,1685
1,0.3534313701999999,-0.943706675,-0.0791130651479999,0.0423293985311936,0.0208025431269438,0.0478415556720853,1,1685
2,0.2991984968,-0.963122106,0.000108884232,0.0195790042763553,0.0162467302176348,0.0152856828297644,1,1685
3,0.277598596843,-0.955763035,0.03096048743,0.1260705872881911,0.047698979189118,0.1713725994256172,1,1685
4,0.2532015765999999,-0.9560761849999996,0.1539017975,0.0379753138399172,0.0319973583840991,0.0251126907297176,1,1685
5,0.233311019,-0.964687866,0.1422743076,0.0198757459796476,0.0187383134803083,0.0125147055237432,1,1685
6,0.2345833980999999,-0.95882758,0.1522640927,0.0218375109986464,0.0156348738091834,0.0141897370772182,1,1685
7,0.2666316871,-0.955809249,0.14258246904,0.0804999032936396,0.0258160871383102,0.036932534574545,1,1685
8,0.21870387642,-0.945429008,-0.0426802645399999,0.0640108365807908,0.0341681245837704,0.283915533592465,1,1685
9,0.195705413856,-0.9101993699999998,-0.4404953904000001,0.0852370815687622,0.037839323544241,0.0867038552002717,1,1685
10,0.2444994550689999,-0.883581439,-0.3625137051300001,0.2396351381554898,0.0657662967687564,0.2103047951920252,1,1685
11,0.32577106373,-0.8763789489999999,-0.319414478342,0.1562599532327971,0.1152395991274074,0.1568295302007916,1,1685
12,0.6998069704,-0.546786259,-0.3778619911919999,0.1545293445126472,0.2824294503065644,0.2513663177526574,1,1685
13,0.3058804888999999,-0.959834017,-0.0882600231799999,0.0543433964875374,0.0438751964911771,0.0432265770295702,1,1685
14,0.38597893384,-0.884109176,-0.22700771006,0.1949204443108153,0.1409485334100646,0.2037139954751478,1,1685
15,0.4434305012000001,-0.8279181700000002,-0.29284504805,0.1356870135200691,0.1325968508389256,0.2439026468057074,1,1685
16,0.22383191744,-0.957641949,-0.0572533857939999,0.1225505031327026,0.0515148569283873,0.1882686878605607,1,1685
17,0.4668828582999999,-0.7212521109999998,-0.468371088168,0.2781099458210447,0.1345974119997479,0.2820477224120091,1,1685
18,0.2120987882999999,-0.9924810780000002,0.07950889755,0.0865314404758519,0.0659573112140281,0.1001742317887224,1,1685
19,0.1738008683999999,-0.9781722819999998,0.1446140497,0.0331513172373184,0.0228516537497499,0.0204000731681871,1,1685
20,0.1890234186879999,-0.971890372,0.041037645808,0.2657288495337421,0.0643611003818003,0.1884901057541974,1,1685
21,0.2093801839999999,-0.970950907,0.1300266848,0.0202814906603775,0.0178447857459494,0.0128525489460946,1,1685
22,0.19758476634,-0.9709957239999996,0.14323833775,0.0472661874811995,0.0329094587324319,0.0234637123248527,1,1685
23,0.2043290369,-0.966332859,0.1426073974999999,0.0789245644435755,0.0285416697697608,0.0297127504967425,1,1685
24,0.2114049250799999,-0.961883653,0.12492127384,0.0726911672799053,0.0307044703739856,0.0325209188526212,1,1685
25,0.28614532971,-0.951378901,0.0173175697739999,0.1457865269130251,0.0352876664182824,0.1453614530249825,1,1685
26,0.14644517429,-0.937756788,-0.2256194129219999,0.1897274837971019,0.1110076617974608,0.3147601151745549,1,1685
27,0.2727813586,-0.939948847,-0.071051336454,0.1485494082925579,0.0697286423658074,0.1838086539411546,1,1685
28,0.1643156188,-0.979092877,0.1621185571999999,0.0249317886946439,0.0222208101287316,0.0217353867889471,1,1685
29,0.109150366393,-0.946681626,0.2314183837,0.0915872556634423,0.0509006905630153,0.0437324682133476,1,1685
30,0.6435539713,-0.4194898821999999,0.5396243200999998,0.1634994047567187,0.1856006021550624,0.1094991358942516,1,1685
31,0.4384686321199998,-0.6195483948,0.3807990081,0.2209373366743265,0.3350171629483077,0.2972000640237029,1,1685
32,0.2201793337,-0.987314066,-0.13629727769,0.0452460628068198,0.0231684962947499,0.0377427537048551,1,1685
33,0.261980602,-0.963514481,-0.2006360435999999,0.0196784116251205,0.0145083207281423,0.0144496152599107,1,1685
34,0.2698303809999999,-0.954045412,-0.24297956,0.0192627039303547,0.01430271300316,0.0211000010700439,1,1685
35,0.2416030861999999,-0.9260291220000002,-0.3461052282,0.0480498427779155,0.0363287032381222,0.1081630703039792,1,1685
36,0.2129934842,-0.9247246450000002,-0.4072274675999999,0.0179387695540394,0.023858564877795,0.0323029436824296,1,1685
37,0.2401483974999999,-0.931493749,-0.3535217730000001,0.0353514409782504,0.0169275149807386,0.055105168329945,1,1685
38,0.2379728677,-0.924604386,-0.3718156852999998,0.0197649856788999,0.0245867402573917,0.028378295337525,1,1685
39,0.236806603,-0.9350176339999996,-0.28326872151,0.0767658491090155,0.0322870490097097,0.1857845705390139,1,1685
40,0.2192469637,-0.983712799,-0.16063748575,0.0352875683885531,0.0147780772788237,0.0315330369748654,1,1685
41,0.2535892695,-0.943942468,-0.2897801147,0.0519431829973507,0.031737422578181,0.1305379904302813,1,1685
42,0.2150512965999999,-0.9635144830000002,-0.21257359348,0.0384464215949268,0.0218618248629706,0.1083206760718085,1,1685
43,0.2372727889000001,-0.966176277,-0.23117757361,0.0516500421342102,0.0249268212117428,0.0906687315140942,1,1685
44,0.2439547783000001,-0.9575645980000002,-0.2553627425999999,0.0192827558658096,0.0266760226462459,0.0169049386658238,1,1685
45,0.2371173936000001,-0.9691512169999998,-0.2122635286,0.0351021767899717,0.0178343709564065,0.0318848508462566,1,1685
46,0.2203347279,-0.976666864,-0.2107132009,0.0183494082155853,0.011352100851727,0.009185111157556,1,1685
47,0.2273275056,-0.9736919199999998,-0.2083877034999999,0.0108417155309927,0.0124656365922847,0.0094778084414331,1,1685
48,0.2277913829000001,-0.976346638,-0.2007964185,0.0095701222565496,0.0092647464693192,0.0128965799409895,1,1685
49,0.2434116915999999,-0.9717337840000002,-0.2028295269,0.0219378470221566,0.0108387684115929,0.010807486252379,1,1685
50,0.2804556921,-0.957825868,-0.2043960112,0.0460834872980444,0.022367184036467,0.0190001052264129,1,1685
51,0.2588727018,-0.967272304,-0.1959850482,0.0290322915666936,0.0107700083493577,0.0086753684074203,1,1685
52,0.2869992069000001,-0.953806767,-0.21179843075,0.0852352270832112,0.0221297687197609,0.0299455249717078,1,1685
53,0.243799381,-0.972595903,-0.15908715147,0.0619368957222936,0.0270081477403493,0.0881274932665681,1,1685
54,0.2416238516,-0.9768234489999996,-0.1668388129,0.0152215401386006,0.0179940448558079,0.0149419222598586,1,1685
55,0.2465964933,-0.9743182249999998,-0.1803266979,0.0103726148416062,0.0122895789776523,0.0132019767470886,1,1685
56,0.2556094085000001,-0.96821176,-0.18094683,0.0110644101832259,0.0113477371764354,0.0099171773818258,1,1685
57,0.2531230872000001,-0.9719695839999996,-0.181256897,0.0106785060783528,0.0117170749398303,0.011942930604349,1,1685
58,0.2580957307000001,-0.967898608,-0.1773810675,0.0077319916901725,0.009997310379708,0.0102174180390765,1,1685
59,0.2528122973,-0.9727524639999998,-0.1792414647,0.0069336678774186,0.0049237834324429,0.0077532220244388,1,1685
60,0.26042665426,-0.9610092740000004,-0.017386832985,0.1738854288496267,0.0391215730178456,0.1671470262953808,1,1685
61,0.5687304427999998,-0.5492141318999999,0.5325158049999998,0.1116277706862885,0.1459294449669613,0.1014850353957821,1,1685
62,0.3659398912,-0.7981701171999999,0.3339183261000001,0.1752187321995861,0.1784357040123499,0.1602854748239992,1,1685
63,0.1657910647,-0.9890363959999998,0.03827007601,0.0299320175682329,0.0175594340568122,0.0309513828102774,1,1685
64,0.1488530041,-0.997491521,0.00633324313,0.0148853214641831,0.0084612423458384,0.0094457340437994,1,1685
65,0.1620615826,-0.990602179,0.010209072295,0.0601191620613447,0.0309537394228196,0.0172102407206155,1,1685
66,0.24038069,-0.9796418229999998,0.0317586823749999,0.0638710368591268,0.0236628922344834,0.0338726585435098,1,1685
67,0.2663316621,-0.976980034,-0.004829146025,0.1082820955060566,0.0320746731704274,0.0556697343629541,1,1685
68,0.2086801004784,-0.980268141,-0.01971232997,0.1262801489558837,0.0389079970629006,0.0879613577709228,1,1685
69,0.1395292994,-0.999370436,0.0016822478649999,0.0185871435235847,0.0097248851895019,0.0108791346681951,1,1685
70,0.14683286607,-0.997804676,0.0029225128249999,0.0401893448894409,0.0150108610033684,0.0323294751876521,1,1685
71,0.0958632852768,-0.996708642,0.08059413041,0.048624030028976,0.033837497775311,0.0474566164531757,1,1685
72,0.1724730529,-0.991541622,0.0362546443849999,0.030828425744989,0.0192854139716181,0.0248013906857599,1,1685
73,0.2063491719584,-0.9782326529999996,0.0362546433099999,0.1999091891284298,0.0499677675336113,0.0929332105290673,1,1685
74,0.20743693801,-0.986687756,-0.012890871055,0.1106263345634449,0.0236131423595631,0.063334015814344,1,1685
75,0.1283408536668,-0.9916982009999998,-0.104050373505,0.1202586128200252,0.034006867588214,0.1422004946716247,1,1685
76,0.1849046556999999,-0.9906021639999998,-0.10001951322,0.0436192332537799,0.025901252110647,0.0942977175115405,1,1685
77,0.1502515556999999,-0.994829727,0.0119144357199999,0.0498134106438657,0.023709436532202,0.0707023988521896,1,1685
78,0.12026030971,-0.993420543,0.05966465198,0.0357848562146015,0.0353490263300344,0.1046184164429855,1,1685
79,0.14978537236,-0.991698206,0.06602101263,0.0692134255689772,0.0278407164479492,0.0427851142110944,1,1685
80,0.2330771215252,-0.9318861182,0.11997255644,0.1830405079920503,0.0869953290882242,0.0915328537118303,1,1685
81,0.6338409764,-0.6844958672000003,0.3494216606000001,0.0726647042604357,0.0599838986600634,0.0565706434362,1,1685
82,0.23261093564,-0.970247268,0.056253923135,0.1065965412277374,0.0654098871386867,0.0448709713876928,1,1685
83,0.14139403904,-0.984808851,0.08214446175,0.0354644251793232,0.0522024927695396,0.0389173830160893,1,1685
84,0.1549134122,-0.99216792,0.05997471793,0.0159660883417003,0.0141899445239197,0.0109945646486524,1,1685
85,0.1418602258,-0.992481058,0.06912167421,0.0112827083265301,0.0068141312765885,0.0073083345952976,1,1685
86,0.1407724598,-0.9926376409999998,0.07687333389,0.0120934579301432,0.0093681987727457,0.0092180931221807,1,1685
87,0.113578321324,-0.989036387,0.091601485065,0.0949185272156946,0.0270974079309943,0.0517422796547731,1,1685
88,0.0756619274051999,-0.999527017,0.08555519101,0.045051572374792,0.0262379941738633,0.0356416252326146,1,1685
89,0.1333134944,-0.9954560179999998,0.07299750475,0.0394125730817823,0.0333984677199853,0.0244757266153575,1,1685
90,0.1494745806852,-0.9906021529999998,0.008658739955,0.0721190286048738,0.0153307907216754,0.1350559489043626,1,1685
91,0.1519609046,-0.992637661,0.0571841210649999,0.0272860295075388,0.0211970262597026,0.0458663121448602,1,1685
92,0.1932959893,-0.9821470390000002,0.064935779965,0.0344300558318675,0.0173094334920159,0.0290044681322859,1,1685
93,0.280161825,-0.9727524790000004,-0.016301600335,0.0685226010364953,0.0370991063487602,0.045464384341366,1,1685
94,0.1409278535304,-0.982929933,0.070827040685,0.1041943121138907,0.0518789085619152,0.0797456706345112,1,1685
95,0.5974785272,-0.6870010847000003,0.3650800111,0.1032451750058373,0.1024086427020861,0.0826342839924022,1,1685
96,0.6464279755999999,-0.6553727090000001,0.3351586095,0.0419255584346934,0.0408409476209426,0.0521696092240115,1,1685
97,0.3227400684420001,-0.884130399,0.1689630410299999,0.2358323120190054,0.113605166609081,0.0987060547362668,1,1685
98,0.20572759317,-0.9838693889999998,-0.01149557192,0.0710909764452317,0.0255687862672395,0.0334909934112354,1,1685
99,0.3073559577,-0.9592869380000002,-0.011340539375,0.0777954116211725,0.0287986446762735,0.0605271492761309,1,1685
100,0.2933703988,-0.9473871490000002,-0.2355185026,0.0340539453726188,0.0263185481935547,0.0639929849306403,1,1685
101,0.2425562197484,-0.9513015539999998,-0.16296297722,0.134299468850605,0.0756819038771274,0.1775305022970372,1,1685
102,0.0972618415052,-0.9926376460000002,-0.04234717539,0.1354627076842641,0.0482841148495604,0.1675491079675334,1,1685
103,0.19298519728,-0.972909062,-0.0866866598549999,0.2126978018442115,0.0476012735082712,0.2652173283199293,1,1685
104,0.2315231723,-0.965549976,0.0258674217699999,0.0721812315971942,0.0573575221350288,0.0664760789154342,1,1685
105,0.2500151828952,-0.9586606239999996,-0.211798426795,0.1337374501252575,0.0625313302611669,0.1119192865575252,1,1685
106,0.2355634447,-0.977762899,0.00276747955,0.0345206166318189,0.0130328145453014,0.0484118497490215,1,1685
107,0.2730136517,-0.97212616,-0.09769401687,0.0248371959809565,0.0137862702884229,0.0580633215737768,1,1685
108,0.261203627,-0.96993411,-0.135987209745,0.0599550263052125,0.0264536987959026,0.0755804855641068,1,1685
109,0.14092785307,-0.994829713,0.038890208095,0.0435316348010689,0.0175939574559491,0.0312697778475381,1,1685
110,0.1134982862099999,-1.003515945,0.01875536707,0.0256281692473656,0.0303306793004861,0.048265837486691,1,1685
111,0.16534564363,-0.9956762781999998,-0.02478034739,0.0240803493600041,0.0233802758482155,0.0203582934026333,1,1685
112,0.2141189265,-0.983399653,0.0311385504399999,0.0282522338081186,0.0175594287156585,0.0172630596537522,1,1685
113,0.2977214649999999,-0.8510928449999998,0.297485537295,0.1068256886114488,0.2070204675119246,0.1951258480633654,1,1685
114,0.4338475315999999,-0.6713434640000002,0.5469338834,0.0334439581760774,0.0225334086779963,0.0220332290531434,1,1685
115,0.4445697894000001,-0.67384868,0.5342211864,0.0225518933042399,0.0230204857561891,0.0093488328124673,1,1685
116,0.4254562058,-0.6879405259999999,0.5207333062,0.0141804053748888,0.0325939060723574,0.0108074915136588,1,1685
117,0.4593323239,-0.6801117250000002,0.5193379965,0.0357834895396245,0.0561243401902812,0.0289931371969544,1,1685
118,0.4125584109999999,-0.6932641270000001,0.5211983941,0.0437016382836046,0.0740090264872664,0.0291101411897269,1,1685
119,0.1542918274,-0.925936226,0.2281857050599999,0.0974804137048986,0.152838526183901,0.2042939760217659,1,1685
120,0.081411544182,-1.0128359859999998,0.030363384585,0.0331303361456443,0.0315024835522855,0.0357015176897746,1,1685
121,0.20376666923,-0.9685499386,0.087862767435,0.0711003437024321,0.0485363342844481,0.0690842566880064,1,1685
122,0.1588351962899999,-0.9877404162,0.09618291913,0.0616787044957696,0.0218763015115424,0.0424507414095352,1,1685
123,0.0840740251,-0.9660833783,0.07428584511,0.280611871422136,0.1157607654447649,0.2632149101378698,1,1685
124,-0.0944187595659999,-1.0210571715,-0.04495970473,0.23107237681275,0.0718011665388325,0.1397828764250338,1,1685
125,-0.102810092298,-0.9723620028,-0.1964271190199999,0.1917521277007438,0.1089205015929872,0.1885650597787547,1,1685
126,-0.035368636618,-0.9875498874,-0.0168987035299999,0.179623331367768,0.1086702363524032,0.1907883641934794,1,1685
127,0.0809807339952,-0.9556375993999998,0.2408253015249999,0.1355369438150359,0.0578661476395002,0.1624991804561174,1,1685
128,0.0169225975092,-1.014401758,-0.007464709345,0.0755608996058757,0.0327360655614703,0.0296145371315894,1,1685
129,0.0512649048655999,-1.015184629,-0.00886000847,0.0810808565599677,0.0432109373794618,0.0572097033644276,1,1685
130,0.1948499356252,-0.839506208,0.3402746903,0.2790082352297267,0.2100309274045787,0.2007609538688098,1,1685
131,0.2388874873199999,-0.8054023529000002,0.43901645247,0.1974056975968989,0.2433593020122028,0.2376366022208279,1,1685
132,0.3282135032400001,-0.626355692,0.5724394727300001,0.5117043024846655,0.2392279100175541,0.3121534366871332,1,1685
133,0.23822899532,-0.8071680666000001,-0.09887907644,0.2284561988486522,0.1987319778267807,0.5753405554363793,1,1685
134,0.25459853291,-0.5683956582999998,-0.7933048319,0.1036018793886481,0.1263116854916037,0.3084674131257083,1,1685
135,0.37036784794,-0.7155771871000001,-0.41796951807,0.2236159473387068,0.3387432538946686,0.5476014869151826,1,1685
136,0.132613418008,-0.8422472659999998,-0.28402085729,0.3043626076328463,0.0844924974769197,0.3384942571933061,1,1685
137,0.170063626064,-0.8251804719,-0.10945350237,0.3336619510009652,0.1802137296497956,0.5284240710218873,1,1685
138,0.5338434492080001,-0.6967880666,-0.04464964575,0.4404421619904852,0.154239683604478,0.411705676471178,1,1685
139,0.25801722654,-0.8231449744,-0.31905835358,0.3837677369585102,0.2731709633626137,0.4240687443916693,1,1685
140,0.2076692275219999,-0.9022159098999998,0.24278185198,0.2917466813945616,0.2290689739263829,0.3414279470501979,1,1685
141,-0.005221996558,-0.9734580289,0.15952904264,0.1484557860252986,0.3259367030293621,0.1988933882710801,1,1685
142,0.227249005828,-0.9034685186,0.29874882974,0.1269790721159556,0.2631842614578443,0.3181281786124115,1,1685
143,0.22041162525,-0.9405770562,0.2123953564199999,0.0888985681043393,0.0754163875057333,0.0492853362029059,1,1685
144,0.1846707645899999,-0.9488755878999998,0.2305342365,0.0763107696343773,0.0492818616428919,0.0282191462374127,1,1685
145,0.26640856114,-0.9263286303,0.0533313179699999,0.0985159487549545,0.0345554942767063,0.2693383116225913,1,1685
146,0.44651142284,-0.8727795987,0.1773578612,0.1220127314845203,0.076269072200453,0.0747601314149824,1,1685
147,0.4741717443999999,-0.8511720995000001,0.19115581203,0.123062942036823,0.1128843943440668,0.1214515452561038,1,1685
148,0.3991159332739999,-0.8851491126,0.17627262469,0.2010819500556089,0.1538491160065986,0.1638125244706335,1,1685
149,0.5082032585,-0.8106188895000003,0.1863497825699999,0.1148989690715186,0.0649777891324292,0.1004095240312782,1,1685
150,0.33136368722,-0.8652639446999999,0.1903806462999999,0.5874369079436442,0.221694631054932,0.2190006676155569,1,1685
151,0.273556732824,-0.9022159100999996,0.1852645507499999,0.3973880509056727,0.1723652862126829,0.1702854583479508,1,1685
152,0.33944423395,-0.8862451485999998,0.21751144921,0.2590670894838675,0.1458387215216845,0.1850731608070975,1,1685
153,0.33851186223,-0.9095749879,0.1750323614599999,0.2154193296116294,0.1084270478019257,0.1075000506102037,1,1685
154,0.24263311804,-0.9498150533999998,0.1727068651,0.0448453590412205,0.062594647797061,0.073105089257129,1,1685
155,0.35140965425,-0.9293035738,0.03379714531,0.1471599512735392,0.0436953431450027,0.1559402795613935,1,1685
156,0.2813264823999999,-0.9158380315000002,0.2215423124,0.1121835786231177,0.1731460184935134,0.0961508664406341,1,1685
157,0.3321406673000001,-0.9532597163,0.08712855633,0.0808227818457517,0.1458434781812902,0.066850466189097,1,1685
158,0.3001292825,-0.9325916705,0.13704923644,0.0660340762484059,0.1453509105104693,0.093287170671064,1,1685
159,0.2634560523,-0.9495018928000002,0.1280573113,0.1979470424532514,0.0751372561205583,0.1376906531961964,1,1685
160,0.2544431382899999,-0.9208484672,0.13456870559,0.1421828904556677,0.0984586356033364,0.0939055581721699,1,1685
161,0.7130139462300003,-0.6855145912999998,0.2931676314599999,0.1979670648902874,0.0918788652620345,0.0872704134466795,1,1685
162,0.22802598063,-0.9446480342,0.05782728687,0.1307733266346208,0.1149879851482716,0.0810359659013447,1,1685
163,0.2250734743899999,-0.9557649404000002,-0.17115671098,0.089671687935513,0.0320418333713807,0.2155727079462885,1,1685
164,0.2889408371,-0.9482492901,0.1238714171399999,0.0387859248752224,0.0252466493265263,0.039790931440373,1,1685
165,0.2633006551,-0.9701699431,0.0412387375899999,0.0385414603762236,0.0412341187460776,0.0512007924343468,1,1685
166,0.1846707684399999,-0.9847315283,0.07968696427,0.0336939121275957,0.0312772468332376,0.0511419610667306,1,1685
167,0.1958592118799999,-0.9828526100999998,-0.00046518582,0.0308679612732222,0.0516425548810052,0.0237840052176306,1,1685
168,0.1935282850599999,-0.9950655487999996,0.0272857524299999,0.0420866870709149,0.0225312324910559,0.036574541920814,1,1685
169,0.1904203791199999,-0.9852012547,0.0227897908699999,0.0930352433715142,0.0229186278133173,0.0714030358300268,1,1685
170,0.22087780703,-0.9382284198999998,0.11565465878,0.1646333637724679,0.0893814678366944,0.0790423462531699,1,1685
171,0.6371811584999999,-0.7412556700999999,0.2432469558999999,0.051416463301403,0.0350535455391148,0.0353378866307543,1,1685
172,0.3590240081599999,-0.9098881386000002,0.11193386197,0.2031852302041052,0.1208542010129359,0.1033877378071484,1,1685
173,0.1158307507479999,-0.9892722326,0.01674349713,0.0672144079415695,0.0722596235468452,0.0573639666219783,1,1685
174,0.042639678112,-0.992873484,0.1080580346,0.0567637424485985,0.0189779828895404,0.0536372139208258,1,1685
175,0.42040505545,-0.7893245508,0.30060922452,0.22834571323374,0.1520949494441738,0.1397694126943348,1,1685
176,0.6219524311000001,-0.6451179677000001,0.3922338211999999,0.0221948490354227,0.0146569111892454,0.0224128874558815,1,1685
177,0.6558285634999999,-0.625859112,0.3795211012000001,0.0316020150812375,0.0157490706757338,0.020231259419712,1,1685
178,0.3958526354,-0.8586877565000001,0.2292939717999999,0.1108369187949108,0.0933399409412901,0.060325651872524,1,1685
179,0.205959877918,-0.9637503215,0.1996826387599999,0.1699728671421715,0.0804102229845792,0.0433989367070648,1,1685
180,0.31022996342,-0.8550865030999999,0.3179729401999999,0.1804876085715729,0.073491935556133,0.1010541228654639,1,1685
181,0.31691195264,-0.9128630848,0.13735930102,0.1164415968779648,0.1048899405951767,0.200257252718942,1,1685
182,0.2135742414399999,-0.9856709822,-0.0513160654,0.0949864708226701,0.0384498961794086,0.0784406505212489,1,1685
183,0.1633816444899999,-0.9894288075,-0.06945494632,0.0468249951210734,0.0250620661285947,0.0909713437533244,1,1685
184,0.11272284929,-1.0049298465999998,0.0006200463999999,0.0280507903041032,0.019047661500295,0.0213476822194767,1,1685
185,0.14504502686,-0.9996062615,0.01441799832,0.0165717990503035,0.0089283093417433,0.0103870940396766,1,1685
186,0.14162633455,-0.9913077165,0.04340920218,0.0603766538557288,0.0582386214023108,0.0483503786603104,1,1685
187,0.1958592113999999,-0.9861407082,0.06495881337,0.0865434192082542,0.0475156057354509,0.041732616483522,1,1685
188,0.37953615888,-0.7813391636999998,0.27781935032,0.2727420769757234,0.2009763012104559,0.2124950905823887,1,1685
189,0.6581594945999999,-0.5051389192,0.5029275114,0.0361372224889187,0.0202132802572652,0.0385497709450958,1,1685
190,0.34705858966,-0.8450656366999999,0.26061067039,0.1803336790453653,0.1730023702347021,0.1561475927134716,1,1685
191,0.2121756856599999,-0.9213181990999998,-0.2818504029799999,0.1027668408209851,0.0713574808914067,0.2346064737229977,1,1685
192,0.1338565793999999,-0.9956918511999998,0.05178099304,0.0727277790860733,0.0377820011871431,0.1179103829068214,1,1685
193,0.12764077947,-0.9905248385999998,0.09751577917,0.0553960695817844,0.0292288150005451,0.0500539613963989,1,1685
194,0.1793873388399999,-0.9892722333,0.0824775612499999,0.0201826321092042,0.0240984279595395,0.0196319699931335,1,1685
195,0.1809412906999999,-0.9831657508,0.0965855784,0.0136152740092873,0.0107700138239269,0.0093280534177516,1,1685
196,0.1894880167,-0.9848880882999996,0.09798087664,0.0148779416480036,0.0100455057192329,0.0111000530916966,1,1685
197,0.25397695288,-0.9614016785999996,0.06325344836,0.106533479581538,0.0524936536945466,0.1093965487493702,1,1685
198,0.1677327063699999,-0.9873933166,0.09612048051,0.043583153958871,0.0235201384836531,0.0314154038185667,1,1685
199,0.22647203141,-0.9484058591,0.1553431482699999,0.2267373460808568,0.1313385207190678,0.1505422371396018,1,1685
200,0.2744891041299999,-0.9255457497999996,0.2001477350899999,0.2160429900873826,0.0884334733470574,0.1050913313915637,1,1685
201,0.25770643554,-0.9587398887999998,0.11689492546,0.1221071518744788,0.0329325346437965,0.0592444429084355,1,1685
202,0.26330065758,-0.9637503236,0.1227861858,0.0728030253798076,0.0273017930315659,0.0347276954553146,1,1685
203,0.1386738233699999,-0.9826960307,0.1099184323199999,0.0614190355561922,0.0400891554369066,0.0500248517778317,1,1685
204,0.177367194644,-0.9941260909,-0.03038658895,0.1155432647217778,0.0391278971177499,0.1523613521826772,1,1685
205,0.1907311639639999,-0.9526334191,0.1417002319199999,0.1666331891520311,0.0961625721535322,0.0752004897919851,1,1685
206,0.3807793136999999,-0.8547733374999998,0.3099112098,0.034104047904077,0.0204235062329333,0.0306189764415905,1,1685
207,0.4026900142000001,-0.8514852418999997,0.2913072288000001,0.0440994543854524,0.018573718715329,0.0190169903859768,1,1685
208,0.24216693171,-0.8591574809,0.38603250046,0.1144991737213388,0.1314497157265249,0.1135554179312041,1,1685
209,0.2283367684199999,-0.9048777053,0.2804549133,0.1826864299642076,0.0978809696834858,0.0818693477351459,1,1685
210,0.249625891254,-0.9399507493,0.1741021643599999,0.1621391431791277,0.0826901309612396,0.0694700693481917,1,1685
211,0.02508003757,-0.9875498884,-0.18107882992,0.1083216225199636,0.0768153512611048,0.2935630077286516,1,1685
212,0.168509675578,-0.9332179879999998,-0.1506923282899999,0.1187773782028256,0.0731492986018018,0.2815929028598748,1,1685
213,0.1465989689779999,-0.9637503192,-0.09488038825,0.1066111834905511,0.0766901671489877,0.2808971385673597,1,1685
214,0.173171526738,-0.9388547206,-0.25689005726,0.1279420247371651,0.0814747612783106,0.2406986015410206,1,1685
215,0.154990305398,-0.9120802084999998,-0.16464531538,0.0974143338740099,0.1381947003001997,0.4192583127055937,1,1685
216,0.253199979044,-0.8510155229,-0.4748666949000001,0.184480090283551,0.0600672337673735,0.1668085352360268,1,1685
217,0.2157497702759999,-0.9008067246999998,0.08170238924,0.1919237747656573,0.1127128228711752,0.334866430950414,1,1685
218,0.271536595314,-0.9455874849,0.06216821186,0.1323787158021371,0.1181604000323247,0.2285494203448273,1,1685
219,0.152970172054,-0.9888025025,-0.03720804821,0.1550178816087015,0.1035862792713935,0.2387778777181494,1,1685
220,0.20689225922,-0.9866104332,-0.03581274823,0.027127791748751,0.0254834028363492,0.0353378902444486,1,1685
221,0.2246072940999999,-0.9870801566999998,-0.01426313823,0.0128967387445311,0.0107412420585442,0.0064976575832623,1,1685
222,0.217303719504,-0.9689173256,-0.12356152643,0.2004903407422512,0.1365480339247559,0.139662382909195,1,1685
223,0.149862269334,-0.9895853808999998,-0.099686418,0.1346576014379885,0.0707048361268976,0.1602161029864465,1,1685
224,0.162138482466,-0.9958484194,-0.1049575447699999,0.0922876669857532,0.0408163999272788,0.1264673929716684,1,1685
225,0.2008318552999999,-0.9920905959999996,-0.01007724264,0.0125487715939547,0.0142317517238968,0.0097754008436648,1,1685
226,0.2003656697999999,-0.9900551046,-0.00372088267,0.0123716120144156,0.0094366587580425,0.0077891516256454,1,1685
227,0.2410791652,-0.9822262984,-0.0562771261099999,0.0377714806622668,0.0177313340636568,0.0312017680802404,1,1685
228,0.2674963178,-0.9728317315,-0.0637187183699999,0.0146599314725302,0.0169895754339402,0.0133637359574912,1,1685
229,0.2670301337399999,-0.977215867,-0.06945494513,0.0395114617170568,0.0191080167059924,0.0275553343237085,1,1685
230,0.1270191933779999,-0.9327482544,-0.4085125021299999,0.0938538252752277,0.0289209174842549,0.0922541115603293,1,1685
231,0.1772117977719999,-0.9552952122,-0.28975708724,0.1258084536785893,0.0454520396762527,0.1714652968706315,1,1685
232,0.1319918390699999,-0.9623411384999998,-0.1541030655499999,0.0854672833459139,0.0452431677282349,0.2275985837027875,1,1685
233,0.11598614682,-0.9883327731,0.0027905116499999,0.0602522980901744,0.0406510516627498,0.1834919116919068,1,1685
234,0.1539025454099999,-0.987549898,-0.0776717054,0.0390144847628065,0.0323560072283746,0.1831208669827052,1,1685
235,0.13727527268,-0.9950655458999996,0.0634084819999999,0.0258798683724216,0.0193373335737849,0.0182216025718915,1,1685
236,0.1551457057099999,-0.9974141893,0.0020153453099999,0.042589349352336,0.03443200286851,0.0360075794424052,1,1685
237,0.1677327003079999,-0.9925603321,-0.13208834827,0.0874421942010067,0.0270759172069653,0.0933922566227344,1,1685
238,0.1469097650599999,-0.9964747332999998,-0.0048061139499999,0.046910346722379,0.0152400551351387,0.0538035246737254,1,1685
239,0.1226681331399999,-1.0003891435,0.0252703210399999,0.019428310613222,0.009045419594934,0.0102221723626188,1,1685
240,0.1225127354299999,-0.9989799565,0.03441727879,0.0112013452295564,0.0084377716555196,0.0086403159015641,1,1685
241,0.1212695810779999,-1.0224663677,0.0373629086099999,0.077181601749291,0.0936122738544497,0.0792976414109676,1,1685
242,0.200210262624,-0.9023724873,0.12728214227,0.2805706380185982,0.115248275785374,0.231664014680695,1,1685
243,0.304169554778,-0.9286772694,0.09922114248,0.2012024253658089,0.0707554417271472,0.1177331706114828,1,1685
244,0.369590872,-0.7982493792,0.3982801240200001,0.117717537036665,0.2061162447352748,0.1576294577942499,1,1685
245,0.26889487883,-0.8895332456999999,0.26092073463,0.1392634103327058,0.1039637874736643,0.1045307703677919,1,1685
246,-0.002580282306,-0.9355666226,0.3356467211,0.1625795497191012,0.161289428943393,0.1135153192009563,1,1685
247,0.6228848103999999,-0.0671955687299999,0.7112921017000001,0.0796942064576706,0.1232463554059395,0.0940295793443591,1,1685
248,0.47199621446,-0.3836358665199998,0.5731575447999999,0.2590487738544977,0.3771139162519494,0.1427465606456846,1,1685
249,0.18047510103,-0.998040495,0.01457303231,0.0473327278231902,0.0698988995795596,0.0561387554727119,1,1685
250,0.14443574922,-1.0002702947999995,-0.05903923325,0.0364544009530748,0.0285451282673275,0.0351636187489665,1,1685
251,0.13952769628,-0.9946750386999996,0.02684368287,0.0985841415641914,0.0252392969111514,0.0294299153066608,1,1685
252,0.142410225892,-0.9953999246,1.5939629999999933e-05,0.1117731540785157,0.0322539270297868,0.0297216875330013,1,1685
253,0.1274853828179999,-0.999762833,-0.0235651276899999,0.0824560228761416,0.0182163130181303,0.0530361410844089,1,1685
254,0.1782995737999999,-0.9961615809,-0.10821323755,0.0212143395037109,0.0125211594717101,0.0163975473335873,1,1685
255,0.1024798484199999,-1.0012121050999996,0.00917714233,0.0419931211714389,0.0160181959223493,0.0348252585063304,1,1685
256,0.1137321151099999,-0.9837147114,0.04637786313,0.1102986480757005,0.0445273263437468,0.0652299737367859,1,1685
257,0.6143434642999999,-0.7801030577,0.16186700978,0.0897243194000837,0.0643522193309242,0.0432564394705224,1,1685
258,0.4143969379,-0.8915724998000001,0.08352884367,0.1802299409732405,0.0834230434651619,0.0798485210100067,1,1685
259,0.1522700897999999,-0.9931092716999996,-0.10726000795,0.0748799373781503,0.0835878737794974,0.1084001072465045,1,1685
260,0.1765117197,-0.9927961277,-0.1199727289399999,0.0437127969513148,0.0258596185637031,0.0855980293580114,1,1685
261,0.1779102780999999,-0.9945184693,-0.04028567987,0.0276747949821258,0.0236963662250992,0.0476332955691808,1,1685
262,0.1808627812,-0.9946750423999998,-0.06819165095,0.0493430739365976,0.0311264528233033,0.0395338428409457,1,1685
263,0.1823636760799999,-0.9907545176,-0.0618031211599999,0.0464698770724916,0.0297675944767128,0.0387168645417239,1,1685
264,0.1891772269199999,-0.9955352745,-0.0547267945099999,0.0327344569525804,0.0222608847109418,0.0301330315424182,1,1685
265,0.2201162141999999,-0.9890062385999998,-0.06290794016,0.0537503252261785,0.0341522099975451,0.0425755346639132,1,1685
266,0.2063475678,-0.9827752540999998,0.01242559799,0.0800891170493558,0.0366697443468093,0.0432074769233367,1,1685
267,0.258560304,-0.9697794311999997,-0.0540836316999999,0.0829095784080815,0.0278900204431394,0.1222293631973105,1,1685
268,0.185781592464,-0.990595573,0.00920029014,0.0952591199417521,0.023896380571606,0.067462779871931,1,1685
269,0.406921053856,-0.8209048001999999,0.1929430846599999,0.3153348968507968,0.1166366726494958,0.1485074519735272,1,1685
270,0.4815360535840001,-0.7884147833999998,0.2365661676,0.2281738540278786,0.1083692113655375,0.1103460213928722,1,1685
271,0.23082309268,-0.9543557570999998,-0.29471815408,0.1621799827153804,0.0499370224056024,0.0622118363501952,1,1685
272,0.2092970005,-0.9743107010999998,-0.2288131365,0.0301441585933221,0.0207426784139845,0.0210296363181323,1,1685
273,0.2176914107,-0.9823055234999998,-0.17717996365,0.0176584659217695,0.0184130455542109,0.0315726640714532,1,1685
274,0.1669964845999999,-0.9945642168000002,-0.0412995682799999,0.0418030702705141,0.0317405760746411,0.0623472803673194,1,1685
275,0.2013157242,-0.9916751011999996,-0.0630576310199999,0.0132687992111645,0.010384850062314,0.0132277596992436,1,1685
276,0.2051044088999999,-0.9880988336999996,-0.0612151580499999,0.0223476322635167,0.0177648260017801,0.0182847809341722,1,1685
277,0.3954633445699999,-0.8625248060999998,0.1100964938499999,0.2719469482933884,0.145345553902637,0.1529898646454643,1,1685
278,0.5623015015299999,-0.7687201604,0.17306500922,0.2125139856837042,0.1263562479589208,0.1228468511564759,1,1685
279,0.157824328944,-0.9857841542999998,-0.12704181526,0.1306599098916917,0.0482717345558861,0.0864876628123733,1,1685
280,0.14450033912,-0.9920132422,-0.1379565728,0.0515801044455657,0.0561726618678934,0.0359643990629383,1,1685
281,0.07566032742,-1.0150299356,-0.01765083679,0.0671521412703949,0.0316549997297979,0.0435265786985221,1,1685
282,0.05545896854,-0.9877856880000002,0.0363007070199999,0.1086639138189411,0.0489796948159455,0.0672648302846464,1,1685
283,0.6478249055,-0.6528694043000002,0.3317939238999999,0.099379231119387,0.1351370555164883,0.0838008083347107,1,1685
284,0.7396633838999997,-0.4457192397999999,0.4438829061999999,0.0576960615913181,0.0340432319429047,0.0446387983649417,1,1685
285,0.7568930174000001,-0.4293763671999999,0.4365518289,0.0551327520320602,0.0343973707196695,0.038647847691722,1,1685
286,0.6222632324999999,-0.6844185575000001,0.2855710060999999,0.1073204736601856,0.1046073035020122,0.0506995040533915,1,1685
287,0.3715325018000001,-0.9267210023,0.00358870939,0.1372593195914559,0.0827230699617093,0.196910871601951,1,1685
288,0.09166601735,-0.9926395510999998,-0.05361853176,0.059239621565928,0.0551296267123033,0.0655761212748756,1,1685
289,0.1089148675999999,-1.0039130473999998,-0.0255575283299999,0.0152894889226189,0.0122653923761104,0.013980798077971,1,1685
290,0.1039422259,-1.0048525027999995,-0.0143951397199999,0.0144022793745102,0.0092014892201002,0.0117213299203592,1,1685
291,0.1239866529,-1.001089955,-0.0238557248,0.0244197049556784,0.0080380525104682,0.0158062245830293,1,1685
292,0.1066624431099999,-1.0035206679000002,-0.01271280574,0.0397183518042677,0.0161588645512866,0.0426768803670545,1,1685
293,0.140286980254,-0.9896103670999996,0.0249423310799999,0.1337421177419238,0.0325751516620975,0.0904955158147256,1,1685
294,0.06307332719,-1.0042261888999997,0.0488583936499999,0.0526157334910483,0.0263937183803285,0.0424235466756647,1,1685
295,0.0975710292999999,-1.0045393380999998,0.02932421376,0.0582631511511035,0.078173937690057,0.0698525668012797,1,1685
296,0.08840272077,-1.0006249214999998,0.0290141485,0.120439801625337,0.0854860764313068,0.1111228370148759,1,1685
297,0.12165726321,-0.9965539513999998,0.01862692627,0.178734406311192,0.0423297004356168,0.0781771258738688,1,1685
298,0.1357982148,-0.9953013413,0.10141463885,0.0408873058690279,0.033419211533128,0.0328039786767622,1,1685
299,0.1333118931999999,-0.9910737871999998,0.0990891408099999,0.0225735195211137,0.0145006591160471,0.0206587553458581,1,1685
