index,mean_x,mean_y,mean_z,std_x,std_y,std_z,label,file_id
0,-0.9594065652,0.0508148043729999,-0.5132852189,0.0325703419725843,0.0299996942718769,0.0383586574684236,1,1321
1,-1.0317548808,0.0708103024819999,-0.2641200918999999,0.0731657248343487,0.0363460659023428,0.0985996174777815,1,1321
2,-1.0382456552,0.0776341622,-0.2391254732999999,0.0173975541478525,0.0127595145692676,0.0435202498043082,1,1321
3,-1.039037204,0.0831884676,-0.2331892452999999,0.0103249652421057,0.0065275719110349,0.01733021836775,1,1321
4,-1.03872058,0.0860449685,-0.2364697888999999,0.0085312989918821,0.0074996094790034,0.0087062693923497,1,1321
5,-1.038403956,0.08493410691,-0.2355324892999999,0.0076818774576011,0.0076888662056009,0.0079111742781805,1,1321
6,-1.04109526,0.0860449685,-0.2342827540999999,0.0067504463615378,0.0074996094790034,0.005390966832395,1,1321
7,-1.039670452,0.086203663,-0.2335016705999999,0.0072197874391117,0.0075553694250226,0.004339666813891,1,1321
8,-1.039828764,0.085886274,-0.2335016701999999,0.007144000924524,0.0074400134994055,0.0037286310687546,1,1321
9,-1.0403037,0.0866797465,-0.2330330204999999,0.0068896454674146,0.0077004377570574,0.0034789675251989,1,1321
10,-1.039353828,0.086203663,-0.2339703202999999,0.0073587090234451,0.0075553694250226,0.0044931592647844,1,1321
11,-1.039353828,0.085886274,-0.2344389703999999,0.0073587090234451,0.0074400134994055,0.0051020160573524,1,1321
12,-1.039828764,0.0854101905,-0.2341265397999999,0.0074899879021294,0.0072372312759368,0.007529626045154,1,1321
13,-1.03872058,0.085886274,-0.2338141035999999,0.0075890416915152,0.0074400134994055,0.0042594033603314,1,1321
14,-1.0406203239999998,0.0860449685,-0.2328768037999999,0.0066958469586121,0.0074996094790034,0.0031243319393958,1,1321
15,-1.039670452,0.0850928015,-0.2338141035999999,0.0072197874391117,0.0070808857999577,0.0042594033603314,1,1321
16,-1.03951214,0.085568885,-0.2341265369999999,0.0072913154112729,0.0073089320679055,0.0047101107262501,1,1321
17,-1.0380873329999998,0.08461671806,-0.2364697892999999,0.0080801930696137,0.0084757195157707,0.008984939773999,1,1321
18,-1.0371374632,0.0836645511,-0.2602146888,0.0194054388368682,0.014154579454559,0.0233776866584494,1,1321
19,-1.037612397,0.08731452455,-0.2394379055999999,0.0087669186979494,0.0081622899814169,0.0157505035381295,1,1321
20,-1.041411884,0.0952492495,-0.2170989566999999,0.0061127891658064,0.0045644266134499,0.0105309316917273,1,1321
21,-1.042045132,0.09604272186,-0.2163178747999999,0.0063723323757353,0.0038543454248713,0.006993258532489,1,1321
22,-1.04267838,0.0955666383599999,-0.2163178748,0.0047732863982795,0.0046527424160877,0.0066314145066997,1,1321
23,-1.041411884,0.0952492495,-0.2180362540999999,0.0061127891658064,0.0045644266134499,0.005980568323019,1,1321
24,-1.0417285079999998,0.093820999,-0.2200670659999999,0.0058330523290183,0.0061275583674835,0.0066610854132845,1,1321
25,-1.042203444,0.092551443,-0.2228789593999999,0.0053509086973086,0.0069959518519316,0.0076207268072933,1,1321
26,-1.041570196,0.092234054,-0.2213167963999999,0.0059766764407282,0.0071612616524134,0.0070494301861243,1,1321
27,-1.04188682,0.09223405386,-0.21694274,0.0056813471970416,0.0075080841917582,0.0070214005316344,1,1321
28,-1.0543934219999995,0.0995339964,-0.1796070277599999,0.0461975164073589,0.020963589553503,0.0872151893243066,1,1321
29,-0.9184039237999998,0.0414518341709999,-0.266775783854,0.1747502139452326,0.0878080174077512,0.4435098787090414,1,1321
30,-0.6590898878999998,0.089536244162,0.51586823013,0.5046741047804774,0.2490186976283545,0.4341822456233753,1,1321
31,-0.4474275793999999,0.12429032236,0.7853414655000001,0.1785071556995333,0.1158637254102549,0.1002296493999701,1,1321
32,-0.4984038405,0.149998820566,0.760190628,0.1392449404959155,0.1008102359096965,0.0736201817773702,1,1321
33,-0.31017162086,0.065573386056,0.8453285503999999,0.0826954711055243,0.0539890960830285,0.0374840445263893,1,1321
34,-0.3393009122400001,0.109849129943,0.8193966316999998,0.1757769011453608,0.0470469146600712,0.0823996998546781,1,1321
35,-0.5365568791,0.1000100755399999,0.7389451985000002,0.1432555544356757,0.053438548164725,0.0892766694265647,1,1321
36,-0.3277441820999999,0.0497039442259999,0.8339247547000003,0.0587893979823758,0.0255110471736609,0.05346673549789,1,1321
37,-0.5477969898,0.093662298863,0.7537857564999999,0.0668833038506023,0.0419984111924955,0.0387782426797007,1,1321
38,-0.5941822185,0.1090556544,0.7180122069999999,0.0318420566132834,0.0295455682302704,0.0238495297099388,1,1321
39,-0.6328101851999999,0.13238373024,0.6905181429999999,0.006160210954571,0.0082490866748946,0.0050118181589352,1,1321
40,-0.6362930406,0.13143156378,0.6894246249999999,0.0077474891861907,0.0073764833970888,0.0062722823945067,1,1321
41,-0.6348682337999999,0.1319076468,0.6883311119999999,0.005520884463406,0.0066069747357135,0.0051477104849264,1,1321
42,-0.6353431688999999,0.130003314,0.68848733,0.0059766651149731,0.0047848161920961,0.0043961043208387,1,1321
43,-0.6388260263,0.1320663412,0.6861440769999999,0.0077605524102452,0.0067120206654503,0.0061592808289006,1,1321
44,-0.6467415923000002,0.14571406852,0.6763024383999999,0.0215702628713691,0.0506425175929293,0.023115246968796,1,1321
45,-0.7365041360999999,0.3028215466,0.5575780005000001,0.0267492380074855,0.0173979945658505,0.0265683783739203,1,1321
46,-0.7300133746000002,0.109690437262,0.5955385756000001,0.1409057489755852,0.097939643490163,0.1002978644286042,1,1321
47,-0.4279552799,0.03129539257,0.8039312029999998,0.0413227021501892,0.0115630328903974,0.0201521515187752,1,1321
48,-0.4914381429999999,0.0370083913529999,0.7783117388,0.0200855696753566,0.0127834129607547,0.0109441469408149,1,1321
49,-0.5306993604,0.0631929683,0.7586284741,0.0292795000894252,0.013131879746921,0.0233270273555862,1,1321
50,-0.574551611,0.08128413411,0.7330089800999998,0.0483678016810854,0.0237056444283941,0.0323819207472569,1,1321
51,-0.5444724519999999,0.08731452377,0.7486306131999999,0.0341439730353827,0.0141032678237436,0.0238825839362165,1,1321
52,-0.5287996241999999,0.08064935605,0.759878197,0.0224247660055552,0.0073071904442992,0.0130331830369343,1,1321
53,-0.6399342174944,0.06684294442,0.5189925565500001,0.2992214081031981,0.1412989906510642,0.4847865784359298,1,1321
54,-0.7428365933000001,-0.0728081496299999,-0.7911941454,0.0896934100983067,0.0249014881631955,0.0720889961702202,1,1321
55,-0.6673220688000001,-0.06931687174,-0.8550866363999999,0.0439610146424651,0.017387030107552,0.0395558060225836,1,1321
56,-0.8523880825999999,-0.063921261065,-0.6362274978,0.1558176180112328,0.0952241325554101,0.2259836387823179,1,1321
57,-1.0084831065999995,-0.0375779896189999,-0.3794077795,0.0760940085505768,0.0865809506939006,0.0684001580959357,1,1321
58,-1.0108577712,-0.030119350088,-0.3612866747,0.0628387735764465,0.0534004519125092,0.0937066825103278,1,1321
59,-0.994076764,-0.0966123136199999,-0.4151813263,0.0230631120801622,0.0235900061492669,0.0357123137320315,1,1321
60,-1.0277970910000005,-0.048527901407,-0.2839595696999999,0.0326014311484506,0.025255999597004,0.0516106608254916,1,1321
61,-0.9856862632999998,-0.020756379471,-0.4333024308,0.1258369536274741,0.0473135354640599,0.1279625631922805,1,1321
62,-0.9681136979,-0.026786767792,-0.4832916708499999,0.1029348719816569,0.0925773782604856,0.0998268593733406,1,1321
63,-0.9304355846,-0.085503703911,-0.5365614586,0.126482996522957,0.1283798069068443,0.1571041284935283,1,1321
64,-0.5954487088,-0.022819406972,-0.8928909855,0.1489411575785282,0.0547626407267584,0.1185734942396836,1,1321
65,-0.5772429037,0.013680311327,-0.9202288468,0.2083597992627623,0.1071071295167833,0.1511475168294113,1,1321
66,-0.9136545773999996,0.005904283044,-0.3758148104500001,0.1513355046061459,0.0862766150814711,0.4254301839444581,1,1321
67,-0.9834699072999998,-0.0659842900169999,0.0364402070059999,0.1847407437996408,0.0599482792200134,0.2636869354836243,1,1321
68,-0.9647891498,-0.046147486598,0.2763885606,0.0529132379632364,0.0262075217882534,0.0445834240905021,1,1321
69,-1.043311625,-0.0199629069019999,0.020662361338,0.0611616206697859,0.0183764357210048,0.0655400162164959,1,1321
70,-1.0235226917999998,-0.033293237561,0.056592127551,0.0701053292000247,0.0269440839296471,0.1373127899748328,1,1321
71,-1.0507522582,-0.028691099475,-0.0868145040279999,0.0640833955937167,0.0328030510328648,0.1258390508118726,1,1321
72,-0.8967152522999998,0.0171715870699999,0.4077665121,0.0924717264028264,0.0208559240041014,0.1040138601578163,1,1321
73,-0.902889408,0.017488975282,0.4172957072000001,0.0208978641653753,0.0176880105565265,0.0199832580402194,1,1321
74,-0.7173484569999998,0.05986038511,0.6253758909,0.0662693961692101,0.0123296092072284,0.0590666458794553,1,1321
75,-0.655765346,0.06493860571,0.6797391825999999,0.0158183322453895,0.0078135734354043,0.0108775306630405,1,1321
76,-0.6719130999,0.0592256072429999,0.666460794,0.0210457176959323,0.0113946076236076,0.0159147536941308,1,1321
77,-0.6872692917000001,0.05859082953,0.6559943010000001,0.0099044650789293,0.0105796271242424,0.0083905013027069,1,1321
78,-0.6825199391000001,0.06271688384,0.6583375456,0.0075890225903754,0.0074877237718577,0.006062436443018,1,1321
79,-0.6861611090999999,0.06303427245,0.6566191684000002,0.0080440731377732,0.0064904403411921,0.0048033786572447,1,1321
80,-0.6931268226999998,0.062716883693,0.6508391618,0.0085327609514407,0.0125626113964169,0.0089849294738168,1,1321
81,-0.7035753698,0.06160602316,0.6417786171999998,0.010428609822171,0.0099078956991699,0.0084417498122236,1,1321
82,-0.7190898798,0.05859082948,0.6277191689000001,0.0093914738433104,0.0105796269727273,0.0067547894869124,1,1321
83,-0.7374540046999999,0.0531952210199999,0.6085045391,0.0452149364020684,0.0584113589991648,0.0903750404715342,1,1321
84,-0.7683247261000001,0.0576386639599999,0.5774174689999999,0.0206541487187681,0.0152013654818553,0.0249605624654988,1,1321
85,-0.9369263463999998,-0.0042521599569999,0.19484360135,0.140621695770079,0.1154215777992804,0.3299874441020655,1,1321
86,-0.9557654042,-0.0282150168759999,-0.4939143888,0.0620359623568041,0.0450357778570251,0.1287782730386086,1,1321
87,-1.0170319224,0.0006673671289999,-0.3411347655,0.0683642840250313,0.0345314411898843,0.0920948891814377,1,1321
88,-1.0232060665999996,-0.0113934080199999,-0.3242633929999999,0.0411877187013701,0.0342592731171762,0.0555825169953597,1,1321
89,-1.0502773249,0.014315086532,-0.13258589779,0.0465393016301754,0.0462089356553411,0.0551079547976846,1,1321
90,-1.0379290289999998,0.0487517772819999,0.0076963990249999,0.0432237933998377,0.0252161810421182,0.1217111261558763,1,1321
91,-1.0106994617999998,0.08826668874,0.1871890093,0.0307109220108951,0.0227193452979263,0.0297607323284954,1,1321
92,-1.011491019,0.0939796889499999,0.1679743955,0.0317624775814841,0.0190132511992916,0.0287380507621273,1,1321
93,-1.0300134574,0.0593843042259999,0.09533378291,0.0290346726221875,0.0316083758856508,0.0539093374037696,1,1321
94,-1.0300134527999998,0.0414518352699999,0.09845810959,0.0198089231992299,0.0109296950764633,0.037595336071533,1,1321
95,-1.0258973507999998,0.010030336452,0.1228278616,0.0176775804496933,0.0113722633659717,0.0144536884048738,1,1321
96,-1.0235226749,-0.0015543570809999,0.11907866809,0.1414494473572248,0.02488257969765,0.082138267627821,1,1321
97,-1.0450530522,-0.00520432752,-0.0138614569669999,0.0253952203925206,0.0174978679052269,0.0409414668076395,1,1321
98,-1.0422034339999997,0.0001912839989999,0.008321266482,0.0608643174758124,0.0335073861216287,0.0904421131706202,1,1321
99,-1.0471110952,0.0658907748009999,-0.1853870341999999,0.040212729160303,0.0420059817338927,0.0450673512758752,1,1321
100,-1.0173485482,-0.0186933514829999,-0.3016120237899999,0.0874809884602614,0.0360791254874465,0.1670766681374919,1,1321
101,-0.9974012996,-0.00853690996,-0.4128380845999999,0.0280970402646684,0.0152406393533007,0.0431927673344915,1,1321
102,-1.0338129297999998,0.01621942093,-0.2658384708,0.0313585994002879,0.0184978560612457,0.0428624936638556,1,1321
103,-1.0433116158,0.030343225087,-0.18257513767,0.1827581865222168,0.036466596783459,0.0889254635819108,1,1321
104,-1.047744359,-0.0118694928899999,-0.1724210745999999,0.0172220601818625,0.0169874086918084,0.0214555307346804,1,1321
105,-1.0217812735,-0.033134543187,-0.27099361265,0.0878183438025488,0.0748901547951733,0.157041357311829,1,1321
106,-0.9457917890944,0.064303831137,0.107831083403,0.2368274237788787,0.1093649072052728,0.3594951431661623,1,1321
107,-0.8816756755999999,0.0325649467559999,-0.6527864412000001,0.1231806331346831,0.0534682923411384,0.0841836752470304,1,1321
108,-0.952599175,0.0474822226789999,-0.5182841465000001,0.054017195130958,0.0243456864847653,0.0465373999840871,1,1321
109,-0.9600398148,0.0341518899079999,-0.5037560185000001,0.074488823459025,0.0448186353461232,0.089959505570595,1,1321
110,-1.0406203202,0.069858135589,-0.083377744368,0.0790710643887268,0.0329728313788447,0.1687530547399883,1,1321
111,-1.0499606964,0.03335841795,-0.036512830569,0.0933339124388634,0.045921779670292,0.0879884409706811,1,1321
112,-1.024789177,0.0214563366209999,-0.3323866511,0.0532886766190513,0.0335786733401968,0.0691134087885262,1,1321
113,-0.9692218823999998,0.004634727419,-0.4796986969,0.0677893769487714,0.0264009372495254,0.0698049103416904,1,1321
114,-0.9503828165,0.039706195343,-0.5254700983,0.0660351928312657,0.0329265091931051,0.0716862706982021,1,1321
115,-0.9627311073999998,0.0311366965659999,-0.4593905659499999,0.0825950087981205,0.0253845947764992,0.182022098834267,1,1321
116,-1.0467944696,0.048751776889,-0.186636768487,0.0448179277353652,0.0261083267941008,0.0594468732381823,1,1321
117,-1.0323881199999998,0.0376431689159999,-0.2913017415,0.0320891707932892,0.0137350077716666,0.0356725999687404,1,1321
118,-1.0274804703999998,0.0417692238,-0.3080168888,0.0381742185997603,0.0124405223081887,0.0621723408683874,1,1321
119,-1.0483776006,0.057162580483,-0.1471140223,0.0203286399540085,0.018254212360748,0.0437617106416957,1,1321
120,-1.0460029152,0.05986038571,-0.1682032352999999,0.0431590279563669,0.0152781485397452,0.0669534239524698,1,1321
121,-1.0303300586,0.0527191370499999,-0.2855217369,0.0108567957205047,0.0077662213306267,0.0227405677657884,1,1321
122,-1.030488356,0.0495452492099999,-0.2833347149999999,0.0053509086973086,0.0052681282846045,0.009517813631937,1,1321
123,-1.030488356,0.0492278603899999,-0.2781795808,0.0053509086973086,0.0015869439,0.0075883186830391,1,1321
124,-1.0309632919999998,0.0501800267399999,-0.2744303854999999,0.0058330523290183,0.004652739670243,0.0079686101974713,1,1321
125,-1.032229788,0.0493865547799999,-0.2699001009999999,0.0071581614952568,0.0022329140822729,0.0093926957373964,1,1321
126,-1.0317548519999995,0.0493865547899999,-0.2714622682999999,0.0064806628933363,0.0031738877484848,0.0078486143498063,1,1321
127,-1.031121604,0.0493865547799999,-0.2695876679,0.0059766764407282,0.0022329140822729,0.0075802058355073,1,1321
128,-1.030963292,0.04938655481,-0.2727120011999999,0.0058330523290183,0.0044998755229807,0.0080837825169718,1,1321
129,-1.031279916,0.0497039435699999,-0.2722433523999999,0.0061127891658064,0.0038543433154891,0.0081339410777937,1,1321
130,-1.033337974,0.0493865548699999,-0.2694314541999999,0.0083270657131934,0.0071256458352446,0.0090246327573573,1,1321
131,-1.0320714769999997,0.0492278604399999,-0.2702125354999999,0.0086725553681197,0.0052874078397287,0.0104368937763972,1,1321
132,-1.0315965399999998,0.0487517772599999,-0.2695876678999999,0.0063643818643726,0.0038937412572529,0.0075802058355073,1,1321
133,-1.0320714759999998,0.0489104716299999,-0.2689628011,0.0066958469586121,0.0027579065928972,0.0073825132194161,1,1321
134,-1.03080498,0.0484343884899999,-0.2697438845999999,0.0056813471970416,0.0038543431591154,0.0076207463205625,1,1321
135,-1.03080498,0.0493865547799999,-0.2686503677,0.0056813471970416,0.0022329140822729,0.007261314618619,1,1321
136,-1.0303300439999998,0.0485930828699999,-0.2716184849999999,0.0051704482687932,0.0035341477466943,0.0078501845437501,1,1321
137,-1.0298551079999998,0.0487517772599999,-0.2705249681,0.0045534250149091,0.0038937412572529,0.0077728720292092,1,1321
138,-1.031121604,0.0492278603999999,-0.2692752344999999,0.0059766764407282,0.0027579066492763,0.0074885987746406,1,1321
139,-1.030488356,0.0489104716499999,-0.2736493020999999,0.0053509086973086,0.004216795593424,0.0075802058355073,1,1321
140,-1.030646668,0.0487517772499999,-0.2725557823999999,0.0055208949254587,0.0031738876515151,0.0089698378782494,1,1321
141,-1.0315965429999998,0.0471648334699999,-0.2777109282,0.0074628915356705,0.006490439729683,0.0108536949156059,1,1321
142,-1.0328630389999998,0.0438322515099999,-0.2800541720999999,0.0084432993939536,0.0090378287516541,0.0129315850579472,1,1321
143,-1.032546412,0.0438322514599999,-0.276773621,0.0076703344346152,0.0074996038080246,0.0133323494914002,1,1321
144,-1.030171753,0.0428800849499999,-0.2958320143,0.0134811571492629,0.0098046575850294,0.0188893981141511,1,1321
145,-1.030171733,0.0455778896599999,-0.2867714744,0.0054632727446315,0.00733671728989,0.0090068341808696,1,1321
146,-1.0298551079999998,0.0463713615399999,-0.2875525513,0.0045534250149091,0.0059911122481048,0.0081520713027202,1,1321
147,-1.030488356,0.0439909458399999,-0.2869276891999999,0.0053509086973086,0.0074400078734915,0.0084490400707186,1,1321
148,-1.031913168,0.0473235278499999,-0.2800541693,0.0079808844777915,0.0063377487810452,0.0106299481856809,1,1321
149,-1.0290635762,0.0473235278799999,-0.3023931029999999,0.0154130665278183,0.0074451349323018,0.0283872278333827,1,1321
150,-1.0219395546,0.0447844176899999,-0.3336363699999999,0.0117126168298619,0.0100506449542265,0.0157716190743453,1,1321
151,-1.0213063078,0.0430387793099999,-0.3300433948,0.0124013049888889,0.0092396381554958,0.0137088340646754,1,1321
152,-1.0257390374,0.0470061393359999,-0.3259817708,0.0269129438847473,0.0215942005861363,0.0318666566154879,1,1321
153,-1.0146572454,0.0460539718609999,-0.3501953137999999,0.0488676969984924,0.0219493961729679,0.0772499644898588,1,1321
154,-0.9665305846,0.0330410297629999,-0.4771992337999999,0.0833492443333735,0.0253685561006073,0.1197807109933176,1,1321
155,-1.003892072,0.040023584278,-0.383156973,0.0478055625055589,0.0232505775320607,0.0794852759271104,1,1321
156,-0.926002862,0.015267253111,-0.5718663625000001,0.0460842196450431,0.0136560706346727,0.0378166273528247,1,1321
157,-0.9432588091,0.017647670031,-0.5324998363,0.0819922218667713,0.018321678490331,0.0710516142390027,1,1321
158,-0.9462667194,0.0273280311329999,-0.5331247057999999,0.049945757558547,0.0143818943445795,0.0434601695178076,1,1321
159,-0.9271110420999996,0.0387540293309999,-0.5698355513,0.0620320864335662,0.0202217876608584,0.0467382456282283,1,1321
160,-0.9605147466,0.0439909457999999,-0.5051619773000001,0.0131772645535393,0.0092671285241359,0.0114030398022029,1,1321
161,-0.966055644,0.0468474445599999,-0.4950078996000001,0.0128907780781356,0.0110546624818064,0.0153831370280991,1,1321
162,-0.9731796592,0.0471648334299999,-0.4806359803999999,0.0109067881637916,0.0085236002995425,0.0099990274073988,1,1321
163,-0.9793537986,0.04986263821,-0.4664203007999999,0.0130236229953094,0.0096688017428175,0.0191589104972841,1,1321
164,-0.978562241,0.0493865549399999,-0.4707943559999999,0.0115559487149381,0.0092945379421209,0.0109621578865785,1,1321
165,-0.9804619769999998,0.05065611008,-0.4686073303,0.0099248718303716,0.009435784154802,0.0140243565266074,1,1321
166,-0.9896440374,0.0493865548499999,-0.4450186585999999,0.0106436684454966,0.0063717746575816,0.017901134045165,1,1321
167,-0.9923353348,0.0498626379599999,-0.4420505571999999,0.007820662560668,0.0041437720730597,0.0099533075708558,1,1321
168,-0.9874276786,0.05033872119,-0.4515797439999999,0.0103347389603493,0.0073713085687973,0.0096732381299109,1,1321
169,-0.9923353336,0.0519256651199999,-0.4408008195000001,0.011709381878791,0.0094033770738966,0.0140524522534275,1,1321
170,-0.9980345483999998,0.0517669707299999,-0.4248667527000001,0.0094613030857149,0.0093150422126679,0.0112550806394756,1,1321
171,-0.9972429906,0.0501800269399999,-0.4234607994,0.0224400065651259,0.0132014303557957,0.0257581289291457,1,1321
172,-0.989327418,0.0455778891329999,-0.4459559559,0.0338610609078249,0.01921620081333,0.0392960371335186,1,1321
173,-0.9943933824,0.0487517775259999,-0.425335394,0.0276844937779152,0.016724817897128,0.0392960371070161,1,1321
174,-1.0208313857999998,0.0509734987599999,-0.3277001562999999,0.0275106803870484,0.0148389315630801,0.064508900286552,1,1321
175,-1.0130741226,0.0503387214699999,-0.3720656043999999,0.0155006643253284,0.010976144938914,0.0295612809609394,1,1321
176,-0.9752377066,0.033834502183,-0.4673575986999999,0.0525551124064763,0.0223200302402601,0.0869196265858358,1,1321
177,-0.9231532592,0.0078086158709999,-0.5709290720999999,0.0314516965332409,0.019663729425128,0.0314963047314111,1,1321
178,-0.9250529956,0.013521615483,-0.5699917658999999,0.0257003990865432,0.0206875341024666,0.0315572854837312,1,1321
179,-0.9288524779999996,0.0297084492359999,-0.5635868821999999,0.0110909113523175,0.0089031331433203,0.0125002657317667,1,1321
180,-0.935659858,0.0316127816799999,-0.5529641731000001,0.0160723498395249,0.0106991763149364,0.0151400311483385,1,1321
181,-0.9492746251999996,0.0352627537559999,-0.5262511844,0.0177176221182028,0.0149030809593355,0.0184437190584293,1,1321
182,-0.9459500979999996,0.0249476143809999,-0.5367176804000001,0.0376718761826764,0.0163401492564849,0.0256502322368672,1,1321
183,-0.9823617207999996,0.0417692239559999,-0.4573597543,0.0233944248304611,0.0113722603013905,0.0414140866324831,1,1321
184,-1.0081664776,0.0476409166799999,-0.391748868,0.0100830362475961,0.0084682076359676,0.0123014890807198,1,1321
185,-1.0103828365999998,0.0470061391,-0.3811261522999999,0.0090061780040291,0.0070086616246359,0.0176926812619593,1,1321
186,-1.0106994650999996,-0.035197572221,0.018006677783,0.1380728200291923,0.164421033567064,0.2722450921440755,1,1321
187,-0.5291162551987999,0.158092237275,0.57757370055,0.4611712153900781,0.2254642955110317,0.3876044956171784,1,1321
188,-0.3051056523,0.2628305581999999,0.8204901389000001,0.0223540911577813,0.029100969513642,0.021765789429701,1,1321
189,-0.3176122474,0.2583871217999999,0.8153349903999997,0.0143198011929905,0.0092162105825706,0.0110305297568906,1,1321
190,-0.3234697665999999,0.2474372024,0.8172095848,0.0101767562790611,0.0124568761386275,0.0099297634182891,1,1321
191,-0.3321768946999999,0.2371220596,0.8184593144,0.0095412336248002,0.0104282662598705,0.0091763101668928,1,1321
192,-0.3456333679999999,0.2223634834999999,0.8159598542000001,0.0136231121901942,0.0089316554489662,0.0102425879369161,1,1321
193,-0.3701716370000001,0.2106200952999999,0.8115857970000002,0.0119448284487872,0.0189227278084951,0.0103479318284014,1,1321
194,-0.3706465694,0.2066527336999999,0.8115857936000002,0.0144736614011292,0.0124067441319627,0.0069223973320593,1,1321
195,-0.3719130642000002,0.1961788955999999,0.8131479538000002,0.008554972898348,0.0116888526633204,0.0043396532294244,1,1321
196,-0.3782455193000001,0.1877680874999999,0.8123668729000001,0.0056275976018864,0.0102424400770522,0.0049124657997448,1,1321
197,-0.4691162413000001,0.164757400816,0.7717506379999999,0.1797586548365052,0.1124696624595988,0.1412383707922967,1,1321
198,-0.9929685862,-0.036149740681,-0.227096813799,0.2308792834222749,0.1865145256361615,0.3267358491933975,1,1321
199,-0.8663194717999998,0.025106307999,-0.6468502187,0.1275478217565757,0.0564570094320009,0.1632605414498896,1,1321
200,-0.8441558734999998,0.030184530583,-0.6812178196,0.0740675581236042,0.0373838861987674,0.0774292420535711,1,1321
201,-0.8534962445999998,0.023836753225,-0.6705951066,0.0776990997606638,0.047853219910036,0.0914918827682332,1,1321
202,-0.8921242235999999,0.0330410299359999,-0.6266983137000001,0.0352127232124369,0.0195982896015911,0.0333686501068752,1,1321
203,-0.9286941589999996,0.0389127248559999,-0.5634306786,0.0282390269036321,0.0120457483233538,0.0362388772472495,1,1321
204,-0.942150608,0.0403409751099999,-0.5417165992,0.0099044338619628,0.0082490862483592,0.0137402549951898,1,1321
205,-0.9544989043999998,0.0384366419429999,-0.5160971161,0.0196233660853123,0.010349911510745,0.0331105928948822,1,1321
206,-0.9763458867999998,0.033993198296,-0.4771992346,0.0195250736871521,0.0126342926396374,0.0260095439186215,1,1321
207,-0.9790371724,0.0330410327199999,-0.4715754413999999,0.0113135251343494,0.00695034816626,0.0154630370724557,1,1321
208,-0.9785622368,0.0327236440499999,-0.4709505756,0.0093793290722238,0.006158613016688,0.0098349730381113,1,1321
209,-0.979195485,0.0328823385199999,-0.4707943605000001,0.008684190861306,0.0059591840258156,0.0081202677027407,1,1321
210,-0.9818867738,0.0330410333499999,-0.4642332744,0.0070512361672664,0.0035628239989972,0.0088967059466068,1,1321
211,-0.9831532636,0.0324062556499999,-0.4617338117,0.0063723128421058,0.0034760899074277,0.0077091786948627,1,1321
212,-0.9852113161999996,0.0336758104199999,-0.4553289417,0.0128976468577982,0.0069356923612188,0.0164096673602661,1,1321
213,-0.993918449,0.0320888666199999,-0.4354894678000001,0.0096467872010782,0.0046527417208411,0.0120586319385293,1,1321
214,-0.990435597,0.0301845329799999,-0.4475181237999999,0.0087147627230951,0.0066511075429864,0.010904662449169,1,1321
215,-1.0027838887999998,0.0351040590829999,-0.4065894279,0.0207184018372435,0.0117809748219465,0.0303646352628651,1,1321
216,-0.9955015647999996,0.0292323661599999,-0.4347083902,0.0089101074453864,0.0072652946409195,0.0101312777691304,1,1321
217,-0.9953432538,0.0300258385999999,-0.4348646092000002,0.0081425921948808,0.0063797577369007,0.008706255409504,1,1321
218,-0.9929685811999996,0.0289149773099999,-0.4376764978000001,0.0075034755400413,0.0070808844613696,0.0110249383222901,1,1321
219,-0.993918451,0.0300258385999999,-0.4395510994000001,0.0065137653468417,0.0063797577369007,0.007151828094591,1,1321
220,-0.9988261061999998,0.0312953943729999,-0.424866752,0.0089029989887719,0.0056524796868258,0.0128886362184799,1,1321
221,-0.9956598769999996,0.0298671441299999,-0.4342397386000002,0.0090720056331758,0.0064963196921691,0.0129649052448543,1,1321
222,-0.9972429934,0.0282801994299999,-0.4256478345000001,0.0052554169170562,0.0073764871163262,0.0130454687893427,1,1321
223,-1.0021506446,0.0311366990799999,-0.4101824072,0.011739604336886,0.0086347947676913,0.0276125198068648,1,1321
224,-1.0135490612,0.0355801435199999,-0.3686288461999999,0.0086622969078462,0.0065275677658164,0.0175246958677772,1,1321
225,-1.0094329716,0.0343105883899999,-0.3903429231999999,0.0081129967120881,0.005641215203286,0.0092884425151932,1,1321
226,-1.008799726,0.0344692830399999,-0.3929986029,0.0071581332578892,0.0043269597644664,0.0079608507065954,1,1321
227,-1.008483103,0.03399319981,-0.3911240008999998,0.0076703050389404,0.0041437722181245,0.0139326670401865,1,1321
228,-1.0091163492,0.0333584221999999,-0.3928423843999999,0.0065910291741576,0.0035628236143184,0.0090518874243864,1,1321
229,-1.009432972,0.0338345053399999,-0.3917488758999999,0.006364357743465,0.0044658285550749,0.0061592453439487,1,1321
230,-1.0105411518,0.0331997279099999,-0.3923737396999999,0.0053508884174484,0.0022555843394428,0.0069703022432675,1,1321
231,-1.011016086,0.0335171167599999,-0.3909677947999998,0.0047732683075988,0.0022329139415676,0.0058829056509404,1,1321
232,-1.0097495948,0.0331997279099999,-0.3923737372999998,0.0061127659984311,0.0022555843394428,0.0082646949248213,1,1321
233,-1.018298411,0.0379605592629999,-0.35691261837,0.0909991806763823,0.0203628171846058,0.1004556556076554,1,1321
234,-0.8777179054944003,0.025582393091,0.226867957213,0.3403107435373073,0.2682863779967619,0.4375415985198818,1,1321
235,-0.4817811468599998,0.120640349813,0.7717506392,0.1460244524240022,0.0842905236428573,0.0786990966790686,1,1321
236,-0.2669526151844,0.136509790303,0.8382988134999999,0.1442636210495439,0.0351968734949215,0.0464886391499235,1,1321
237,-0.3682718944999999,0.147301014273,0.8256452832999999,0.1003143524271439,0.096482468258871,0.0597281732339497,1,1321
238,-0.7570846371000001,0.088584077123,0.4843125318,0.2791445350304909,0.0909113800199384,0.2737077334291875,1,1321
239,-0.8129685447,0.075571134657,0.44057194607,0.3866438033194045,0.1481329159277984,0.2968409472084448,1,1321
240,-0.7988788262,0.086521049633,0.472908730343,0.4395986673153386,0.1106276123037511,0.3398222865813332,1,1321
241,-0.9461084139999998,0.032564945779,0.2367095894859999,0.1850594943868183,0.0895986649343957,0.2565544317334796,1,1321
242,-1.0228894475,0.0143150871209999,-0.0322949952169999,0.2875813891732002,0.1145627017085473,0.2740361314311291,1,1321
243,-1.0429949788999997,0.030184529183,-0.2061638163369999,0.2021332125467912,0.0892509100425944,0.1881643904991287,1,1321
244,-1.0032588275999998,0.0032064781419999,0.138605716893,0.1731159994466478,0.1332684862973228,0.2024444897236394,1,1321
245,-0.9375596042,0.039864890004,0.234991210151,0.1625034368035952,0.0610334606294132,0.2300541669757086,1,1321
246,-0.9244197497,0.053195221161,0.3702745873,0.151099133310514,0.0509692187404835,0.1042174713526873,1,1321
247,-0.8528630026999998,0.0696994406949999,0.4821254989000001,0.1710860509043507,0.0408814927559777,0.1016134357423286,1,1321
248,-0.7923880544999998,0.077316773939,0.54742393725,0.1626976447489782,0.054020184344051,0.1009533984928396,1,1321
249,-0.7184566385999996,0.11476865569,0.6247510389,0.0198956134785468,0.0154667921711969,0.021329357048013,1,1321
250,-0.7877970221999998,0.0470061390819999,0.5552347535,0.0651764261992569,0.0336569909822467,0.0614224326798125,1,1321
251,-0.7035753691999999,0.038912722907,0.6408413181,0.0420047519092534,0.0219291057553364,0.0257116600986132,1,1321
252,-0.7099078247999999,0.06382774783,0.6363110437999999,0.0370611074759575,0.0260375926773929,0.0252945930774231,1,1321
253,-0.7073748414999997,0.0779515509,0.6364672566999999,0.0358669800295163,0.0118025507332583,0.0304970660617793,1,1321
254,-0.8276915006,0.059066913821,0.5077449803,0.1926845120769845,0.1416473741821904,0.1331087560929382,1,1321
255,-0.7445780168999999,0.089536243253,0.5811666715000002,0.3480832827746426,0.1007055870350893,0.238955757222291,1,1321
256,-0.5596703423,0.1452379834599999,0.7272289784,0.1011536119472453,0.033970327144787,0.0631270734853929,1,1321
257,-0.4474275819999999,0.15840962226,0.7909652528,0.0428413864859639,0.0196501416636419,0.0262228469202846,1,1321
258,-0.3970845643,0.1368271793599999,0.8112733743999999,0.0353121417756351,0.0238127103345509,0.0200300818450487,1,1321
259,-0.3603563244,0.12444901318,0.8261139323000001,0.0499612110439778,0.0256557191168496,0.0200884645219866,1,1321
260,-0.3410423359999999,0.1103252142099999,0.8159598706999998,0.0748042075656734,0.0407892976843809,0.0602892926514237,1,1321
261,-0.9331268815,0.017647671387,0.189063594,0.1404127163949005,0.0646286902755374,0.3863335221857967,1,1321
262,-0.9437337372,-0.022978100622,-0.5423414689,0.066116418392743,0.0316119954404603,0.0537518168894695,1,1321
263,-0.9633643496,-0.0172651021099999,-0.5035998043999999,0.0455560300200231,0.0169364176999984,0.0736201894634477,1,1321
264,-0.9924936614,-0.0140912133769999,-0.3367607104,0.0845482574123671,0.0270651312454338,0.2117050009384614,1,1321
265,-0.8857917727,-0.036149736875,-0.6282604714,0.0592558499801558,0.0282313203857835,0.067385541274317,1,1321
266,-0.9459500953,-0.07391901041,-0.5150035943,0.0749095619096371,0.0368133896166918,0.1065468816527754,1,1321
267,-0.994076765,-0.10010359313,-0.4089326754,0.0443257632652226,0.0243978761244441,0.070992438328517,1,1321
268,-0.9753960189999998,-0.09153409246,-0.4504862303,0.0624540657614908,0.0335331898454639,0.0930269855624175,1,1321
269,-0.9842614548,-0.077251593817,-0.435333249,0.0605155980248739,0.0281650154674248,0.0826016811387519,1,1321
270,-0.975079398,-0.038212764861,-0.4647019184999999,0.0545933817044727,0.0312135713707035,0.0726306473775091,1,1321
271,-1.0141823016,-0.029801959,-0.3575374813,0.0150102966804848,0.0096898272234576,0.0363489125257727,1,1321
272,-1.0241559029999998,-0.0294845700399999,-0.3244195983,0.0070637741816957,0.0041437720730597,0.0113824701947745,1,1321
273,-1.0257390166,-0.03043673664,-0.3202017585,0.0081301341109467,0.0065741672931659,0.0127346939780297,1,1321
274,-1.027163812,-0.02932587564,-0.3098914903999998,0.0043165065282868,0.0049520211163673,0.008120275368724,1,1321
275,-1.0277970559999998,-0.03011934761,-0.3050487818,0.0031178779245486,0.0015869439,0.0078564555132171,1,1321
276,-1.0260556412,-0.031706292064,-0.3125471646999999,0.0149892078304956,0.0196760139614343,0.0319670577141884,1,1321
277,-1.0273221377999997,-0.028056320517,-0.3045801360999999,0.0214950231030329,0.0449433288655823,0.0310767497738707,1,1321
278,-1.0347628014,0.016378115821,-0.2667757672999999,0.0392970177981994,0.0547331375762552,0.0611182865767944,1,1321
279,-0.9757126408,-0.008060826103,-0.4698570656,0.0908470257520513,0.0365098207390397,0.0814208952586209,1,1321
280,-0.9307522048,-0.001236966169,-0.5574944582000001,0.0438087340338101,0.0228977908988667,0.052870758043888,1,1321
281,-0.9271110426,0.0001912828869999,-0.5668674365,0.0351483118389992,0.0182799762570236,0.0232873689547884,1,1321
282,-0.9353432395,0.0036825605089999,-0.5537452678,0.0494662481831322,0.0212815305502701,0.0553008548122265,1,1321
283,-0.953074106,-0.008378216238,-0.5210960452999999,0.0200148684577757,0.0092396381808945,0.0216931804198549,1,1321
284,-0.9511743694,-0.002506522814,-0.5223457731000001,0.0322391012499341,0.016009087572643,0.0261187730280991,1,1321
285,-0.9495912581999998,-0.004728244427,-0.5267198339000001,0.0275566389067365,0.0123327045181606,0.0306100214800221,1,1321
286,-0.9578234500000002,-0.007584744531,-0.5114106411000001,0.0091179520615468,0.0078961540655597,0.0095178269198666,1,1321
287,-0.9611479980000002,-0.007426050148,-0.5046933314000002,0.0075890364236969,0.0079170668052197,0.0077490507288466,1,1321
288,-0.9617812469999998,-0.007426050074,-0.5017252141,0.0068601838461605,0.0082321083884143,0.0066072257035437,1,1321
289,-0.9730213462,-0.009012993629,-0.4790738383,0.0190266641046492,0.0098886201122738,0.0360479214801408,1,1321
290,-0.9905939074,-0.007584744531,-0.4442375835999999,0.0080801752898245,0.0078961540655597,0.0114030178068114,1,1321
291,-0.9861611827999998,-0.007584744531,-0.4532981187999998,0.0074815143309705,0.0078961540655597,0.0072477109822618,1,1321
292,-0.9815701568,-0.006632578233,-0.4665765113,0.0105348831838955,0.0079730977011258,0.0143861701546581,1,1321
293,-0.964947463,-0.006156495084,-0.4964138555,0.011361544811173,0.0079683104910268,0.0198465028455199,1,1321
294,-0.960514752,-0.0047282456369999,-0.5068803652,0.0078899666569878,0.0077793118037582,0.0077934582598993,1,1321
295,-0.960989687,-0.003776079339,-0.5059430650000002,0.0086036798430525,0.0074996039497991,0.0078501845437501,1,1321
296,-0.9587733197999998,-0.0110760206979999,-0.5100046784000001,0.0394898037596168,0.0210743269000872,0.0440796603216878,1,1321
297,-0.9685886342,-0.003299996049,-0.4901651857000001,0.0143339349964335,0.008287544256949,0.0178314697607491,1,1321
298,-0.9682720190000002,-0.002030441126,-0.4887592345,0.0067504065640776,0.0066069740279471,0.0080056423303424,1,1321
299,-0.968746953,-0.002189135509,-0.4846976024,0.0066958046633536,0.0067120199464309,0.005447820975115,1,1321
