index,mean_x,mean_y,mean_z,std_x,std_y,std_z,label,file_id
0,0.6499903804000001,-0.5074731456000001,0.558198124,0.0120809364583286,0.00672779887088,0.011416007168503,1,7334
1,0.6520318693999999,-0.5167207670000001,0.5477197064000001,0.0213718011439829,0.0074072070552403,0.0240627223063509,1,7334
2,0.6258064315999999,-0.5088838078000001,0.5819699911999998,0.0236613008700866,0.0109264112046641,0.0258137381771339,1,7334
3,0.7657278354,-0.5027709787000001,0.3872595044999999,0.0347741725974974,0.0117504164054093,0.0496992953103274,1,7334
4,0.7021272013,-0.5966577365999999,0.2782529249,0.2548341513730319,0.123220455789875,0.0928138396442989,1,7334
5,0.5425899438999999,-0.8128474742,0.200609118,0.0944591421467125,0.0414709306595405,0.100621136311979,1,7334
6,0.325274456464,-0.42155587878,0.6541734840000001,0.3015076731723081,0.4888694079195205,0.2871226324072656,1,7334
7,-0.0079615034119999,0.24019695802,0.9735299263,0.1579700793945504,0.0993669646408942,0.1472547759403004,1,7334
8,-0.069520645034,0.288942839,0.9464738056,0.0268268802543848,0.0246249276263497,0.0175164318419246,1,7334
9,-0.09307643705,0.3057139287999999,0.9460046362999998,0.016010969709416,0.0132502243044425,0.0133039340548078,1,7334
10,-0.09370459261,0.3295382938,0.9399052716000004,0.0126765869501696,0.0115877498139575,0.0111266736541046,1,7334
11,-0.1291953222499999,0.3148048016,0.93865412,0.0104823204792507,0.0127695549728321,0.0099646568109635,1,7334
12,-0.13610502165,0.2978769701,0.9450662628,0.0159173491449265,0.0128702079263204,0.0133373213432813,1,7334
13,-0.1436428770999999,0.2834569654,0.9491325207,0.015035305612352,0.0121726048345765,0.0090621686881863,1,7334
14,-0.14571233023,0.3100386851,0.9378605554,0.0286155324023164,0.0299106466007773,0.0183952421655421,1,7334
15,-0.1551466275999999,0.3132132382,0.9385482077999998,0.0078851758773794,0.0071428488073242,0.0083926948208165,1,7334
16,-0.14965027795,0.3013010545999999,0.9446475745,0.0173834959695931,0.0084890388873646,0.0113170902377135,1,7334
17,-0.1425835357999999,0.2936208343,0.9485574152,0.0106765739202316,0.0115017596226224,0.0102578297153014,1,7334
18,-0.1505925122799999,0.2870377896,0.9588794081,0.0738499880972843,0.0212955409755863,0.0654018004887122,1,7334
19,0.66804981735,0.15427969831,0.6792470225000001,0.1984996327123369,0.0551116746087645,0.1229739671456931,1,7334
20,0.8820934555,-0.1991671672179999,0.1296786767299999,0.0633389036726828,0.2486486845301068,0.2975213757190556,1,7334
21,0.8151949981000002,-0.5770653421,-0.14635663704,0.1188174995886319,0.1230315111080316,0.1260398344653328,1,7334
22,0.4796034771999999,-0.8374091408,0.12623801051,0.105470423082389,0.1039283169027326,0.0792687463018944,1,7334
23,0.4759915940000001,-0.8704811023000001,0.11920028247,0.0847090027332293,0.0426202094393249,0.1076065472266307,1,7334
24,0.8290144023999999,-0.5087270575399999,-0.0120142368699999,0.2740034897992512,0.1687085754319671,0.1728899345683325,1,7334
25,0.9090813324,-0.4157051697999999,-0.030663590782,0.0223532885513451,0.009673745658648,0.031446460704538,1,7334
26,0.8751438135,-0.4344568925000001,-0.184622681266,0.0442292360117901,0.0213792830843187,0.0995500963002898,1,7334
27,0.9078078578,-0.4015416545000001,-0.1064256964399999,0.0206141809273979,0.0188370524304318,0.048427314766811,1,7334
28,0.9242969323000004,-0.3770903298000002,-0.0743649354699999,0.0127481270944313,0.0071341577674447,0.0191600725601025,1,7334
29,0.9376452056,-0.3440183789,-0.018063119227,0.0333984343614295,0.0344682232748775,0.0476183107507298,1,7334
30,0.9310495793,-0.3440183778,-0.10204666599,0.0377932273560797,0.0271370474502463,0.0425251677180602,1,7334
31,0.9340333225,-0.3237990261,-0.14536779292,0.0241721897237427,0.0164396985169017,0.0655421905216749,1,7334
32,0.9140893961000002,-0.3338303346,0.11721764126,0.0438468597253756,0.025111398882061,0.1917736855990791,1,7334
33,0.8644651879,-0.4078112229,0.3397662194999999,0.1058371625760045,0.122951101118628,0.1066257086749449,1,7334
34,0.2683465825,-0.8792826658000001,0.3119280940999999,0.0704598043798392,0.0598383477976973,0.0448172151684533,1,7334
35,0.2978698418,-0.9045176804,0.2864358857,0.0558750733889089,0.0336522210667664,0.0486512621250192,1,7334
36,0.5034333990000001,-0.8278722119000002,0.196665766937,0.0880576871814409,0.0420159303428288,0.0640901091440651,1,7334
37,0.8156261783999998,-0.5742682305000001,-0.020565421717,0.0781924987166832,0.0907807403704709,0.0503401619301581,1,7334
38,0.8914758291000001,-0.4661182169,0.003050063808,0.0415218280123445,0.0249965073844209,0.099177124793918,1,7334
39,0.4980940816999999,-0.8068691988999999,0.005865148084,0.2150575042249955,0.2351391526457864,0.2218734939738576,1,7334
40,0.2245040459,-0.9641399198,-0.1333328965899999,0.0726308321191714,0.0309922167603748,0.0692002752333947,1,7334
41,0.2835585534399999,-0.9359533687,-0.10569254401,0.1729431644821478,0.0562689844537777,0.0596404252530981,1,7334
42,0.5148972157,-0.8375900364000002,-0.1595996419799999,0.0247239137167058,0.0123426758899283,0.028744945159754,1,7334
43,0.4348075181,-0.8891572402999999,-0.109553577103,0.1058070455647276,0.0490114672742418,0.0516753069310236,1,7334
44,0.2226483486999999,-0.9714453267000002,-0.0555976636449999,0.0310230803334938,0.0202196251565512,0.0369624675336091,1,7334
45,0.2356513971399999,-0.9694611,-0.036825418096,0.035290971197137,0.0301195380055717,0.036674868399991,1,7334
46,0.4595796814,-0.8777395255999998,-0.0729069044399999,0.1188879260360633,0.0406094521933187,0.0341236631531796,1,7334
47,0.5118735454,-0.8456079835999998,-0.10903390437,0.0222086051510911,0.0157615599886324,0.0364119423799571,1,7334
48,0.5059060819000001,-0.8490562534,-0.1223273898999999,0.0131634085906827,0.0098061068371195,0.0133918549892731,1,7334
49,0.4996245433000001,-0.8542286527999998,-0.1240477235799999,0.0082253300521787,0.0119514604530115,0.0080147319214188,1,7334
50,0.4974260045000002,-0.8551690913999999,-0.12279657206,0.0088384609126362,0.0100423973875215,0.007661707091702,1,7334
51,0.4987058719000001,-0.8539933534000003,-0.11650647988,0.0073094263240018,0.007569329787026,0.0080296101072305,1,7334
52,0.4916555033000002,-0.8659598520999999,-0.1015774834799999,0.0672323295734158,0.0276713175777683,0.0352434487977392,1,7334
53,0.2272024691,-0.9687807664,-0.005238816048,0.0378564448402167,0.0221528472543023,0.0332167253284487,1,7334
54,0.3793728802,-0.9209752757,-0.024475269679,0.0892351044834653,0.0342714759744598,0.0334896887894123,1,7334
55,0.5293447738,-0.8535774519000001,-0.03338972406,0.0407857853711486,0.019932850312897,0.1090596105770866,1,7334
56,-0.2885123874849999,-0.356557503706,0.6536489032,0.4457368037637919,0.3971649628884422,0.15472986435201,1,7334
57,-0.41021733856,0.9045659933770002,1.1475409451499996,1.2750926864681968,1.6670310815785216,0.4978208094794373,1,7334
58,-0.10571942261,-0.086025670835,0.9576787188999998,0.1647043349268543,0.2021840398243898,0.1102869750697779,1,7334
59,0.37340541627,-0.116276329633,0.785958198,0.3151412412966767,0.4401981492659295,0.0876279909299042,1,7334
60,0.8613244172000001,0.0511211165379999,0.5182117202,0.0345337108936108,0.0483946861629352,0.0407995259610945,1,7334
61,0.8773423422,0.06177938221,0.4798951829,0.0123984216684727,0.010743189136919,0.009392848752482,1,7334
62,0.8866076173999999,0.06240633874,0.4619098805999999,0.0092083833204677,0.0076834683293576,0.006915999957485,1,7334
63,0.8545717463999999,-0.053737393083,0.40466970505,0.2723043887691008,0.2903448621796847,0.1557953461140891,1,7334
64,0.5572976406000001,0.442655612441,0.5354150743,0.2685044934966379,0.4216046365859676,0.1354973166120508,1,7334
65,0.4186325427,0.6660089562999997,0.6264363683000002,0.1160627228199887,0.1562600115161468,0.0603054062591126,1,7334
66,0.6521489704,0.045165027235,0.7446701904000002,0.0466735912449607,0.1237277218689012,0.0467715674505734,1,7334
67,0.6106907782000001,-0.20185592936,0.7349737711999998,0.0553213007460397,0.089400204972461,0.0260580814854421,1,7334
68,0.6007973616000001,-0.2828900872,0.7421678958,0.0150096156074801,0.0131194200476585,0.0106606002757376,1,7334
69,0.6033099887000001,-0.2744261699,0.7470161118999998,0.0152009086526436,0.0099080488915323,0.0112678697460916,1,7334
70,0.5232202616000001,-0.6567130336,0.4422042755999999,0.1478567459286186,0.1957780121811015,0.2096405161876569,1,7334
71,0.227673582,-0.9407244302000002,0.2421764054999999,0.0544684170454213,0.0210045703207632,0.0153129319964811,1,7334
72,0.1628166302,-0.9612572747999998,0.2274753726999999,0.0317904562314861,0.0124038342859564,0.0161973589375275,1,7334
73,0.1080101445,-0.977244658,0.1880640974999999,0.0118277603935216,0.007246316617792,0.0097541443040847,1,7334
74,0.09010774038,-0.980692916,0.1811827631999999,0.0122295134707796,0.0078195151619408,0.0098549382923616,1,7334
75,0.07471795638,-0.9852383549999998,0.1683584601,0.0200536976610705,0.0082923715536822,0.0158270462404791,1,7334
76,0.12120139266,-0.9846114089999998,0.1355157342,0.030545667762096,0.0101346502598817,0.0223723333696538,1,7334
77,0.1332933667,-0.9841411739999998,0.1333262173,0.0094421257111398,0.0074622690030758,0.0080929540834314,1,7334
78,0.1266977447,-0.98476813,0.1369232772,0.0170653331106722,0.0072188683501409,0.011443007039633,1,7334
79,0.0984307883599999,-0.9841411739999998,0.1585056417,0.0205851403825675,0.0074622690030758,0.0166167285509469,1,7334
80,0.05163327713,-0.9853951,0.1721119150999999,0.0183646302008186,0.0093514468788244,0.0214799189218578,1,7334
81,0.02320928726,-0.9836709709999996,0.17477061275,0.0633792103887026,0.0106037060100292,0.0311267645698336,1,7334
82,-0.02971272872,-0.981476622,0.1941634615999999,0.0285401404893981,0.0107984950920882,0.0248446756499359,1,7334
83,0.0029513042049999,-0.980692916,0.2021395529999999,0.0328873426576557,0.0087197464092229,0.0261560202001127,1,7334
84,0.019754437305,-0.982103569,0.1968221590999999,0.0178870623754811,0.0081717792446178,0.0139980108006055,1,7334
85,0.01033211993,-0.9836709669999998,0.1918175529,0.0190471154187218,0.0096221720102143,0.0105896709297786,1,7334
86,0.054774050895,-0.981476618,0.1872821282999999,0.0487433387248044,0.0116815942871325,0.0174294742651843,1,7334
87,0.0940337061,-0.977244658,0.1899408258,0.011358260717641,0.0065255649418064,0.0079201573893376,1,7334
88,0.0885561268799999,-0.977306976,0.1937534426,0.008329305843212,0.006524802445849,0.0057788315149407,1,7334
89,0.11291828994,-0.9758098533,0.1800375265,0.0527772475425134,0.0097820091202935,0.0290046250722595,1,7334
90,0.1991325068,-0.9670324562,0.1747201338999999,0.0216036619275953,0.0122670456950522,0.0253306686704701,1,7334
91,0.15783134256,-0.9707942064,0.1880136172999999,0.0363608441901819,0.0077173106375699,0.0160571817767453,1,7334
92,0.12846511517,-0.9761233333,0.1790991637999999,0.0252705160775758,0.0117925815327565,0.0366941291973164,1,7334
93,0.10914935894,-0.9748694316,0.1975536467999999,0.0138270062177661,0.0037410879479153,0.009350668771586,1,7334
94,0.10428116038,-0.9740857386,0.1984920101999999,0.0073759042263679,0.0015673859999999,0.0074970975220247,1,7334
95,0.1052233955599999,-0.970950941,0.2222638917,0.0337401512498331,0.011724003415073,0.0288851281664528,1,7334
96,0.1557898318699999,-0.9063743830000004,0.2949870812999999,0.1719964925428659,0.1021558324379071,0.1166577357200655,1,7334
97,0.4902820997199999,-0.153399322698,0.7516574258,0.1443047303670556,0.3294452466432846,0.1680417163132581,1,7334
98,0.19457838177,0.6539642253000001,0.7377383624999999,0.1131826473003691,0.2083674473492239,0.1246176416780118,1,7334
99,0.6791995569000001,0.3577271630520001,0.4520066081399999,0.2980381855099513,0.3384041521266449,0.2672499810113221,1,7334
100,0.29696755898,0.5740272437400001,0.66579714226,0.3716459728136797,0.3008851438241121,0.295490604932499,1,7334
101,0.9863670806,-0.022678843496,0.10684516081,0.0841779999707685,0.0481273053019606,0.1220139074294816,1,7334
102,0.9846396596,-0.12518626981,-0.10366109063,0.0898521171181376,0.0578958534019391,0.1057976179636254,1,7334
103,0.9626542568,-0.19822672598,0.08197852351,0.0913096409656665,0.0517450352687316,0.1233051126371233,1,7334
104,0.9915493449999998,-0.151048233382,-0.1199260604599999,0.0801495234172892,0.0511665574974965,0.1031643384814361,1,7334
105,0.9632824072999998,-0.2066906429719999,-0.04532614835,0.1359466604258233,0.0651939016432979,0.1627150065365207,1,7334
106,0.9686217241,-0.2173489078999999,0.0286481878499999,0.0826063313738143,0.0370011667020359,0.0827229017891124,1,7334
107,0.7996481695,-0.479103349964,0.2283632575799999,0.2656315362937014,0.2259454633085892,0.2149741848108055,1,7334
108,0.7756212646,-0.5681312137000001,0.18660607336,0.1407483015623627,0.1060461446904337,0.1517190635334273,1,7334
109,0.957000856,-0.215781518522,-0.05470978596,0.1574856105866334,0.1703010296953494,0.226099600526665,1,7334
110,0.8670177351000001,0.295658444936,0.2665233844299999,0.2344278543188123,0.2735019530911152,0.3177017752078522,1,7334
111,0.6097884895,0.1409568675739999,0.6607925349000001,0.1947884434641844,0.1279703208396845,0.2220628928021695,1,7334
112,0.7270963324999999,0.441112412084,0.5758706175,0.1589385507728819,0.3133523226288209,0.1201342372266136,1,7334
113,0.5700868931,-0.38923183074,0.510034128716,0.2451696813518612,0.4182041539358324,0.2602963122369214,1,7334
114,0.8153724258,-0.4288576805999999,0.341174190524,0.1589891533042942,0.0606044405995657,0.2197719501696923,1,7334
115,0.7371571993,-0.4609560760000001,0.4838571772999999,0.0929810810161687,0.0387691928620354,0.0570541752739867,1,7334
116,0.7373438313,-0.4400511152000001,0.5426646053,0.0842691240172185,0.0469031320335584,0.0579169886896256,1,7334
117,0.4860820227,0.0718590715799999,0.7048451353999999,0.1724520450394411,0.3949662600318133,0.2418509078514471,1,7334
118,0.14201038074,0.5790670730999999,0.7943024783000001,0.0598638916442329,0.0295629969317611,0.0249042776470825,1,7334
119,0.1198679343799999,0.5674683759999999,0.8021221788999998,0.0465239178038656,0.0228688211525436,0.0209730383709124,1,7334
120,0.6490881136,0.37734374603,0.6521403820999998,0.2832053007179558,0.2977967849817868,0.0731817779730066,1,7334
121,0.57622220143,-0.4572924297999999,0.5739433997,0.1745014151897392,0.0583688403983337,0.1366100069901666,1,7334
122,0.6976130565000003,-0.4333113309999999,0.5687824115000001,0.0636185050855769,0.0201119335574978,0.0432075784987777,1,7334
123,0.6643208832,-0.4107408854,0.6189848669999999,0.0828418316764537,0.0532260966649771,0.0561196397783153,1,7334
124,0.7021671688000001,-0.4229665437999999,0.476822763306,0.2272956053266937,0.0469277257676481,0.3117103995975414,1,7334
125,0.8186898303000001,-0.4521200367,0.145580381258,0.2385731764938449,0.0461158769629163,0.3535178389787984,1,7334
126,0.6739002283000001,-0.2309610357,0.5354704871999999,0.1957432086787983,0.2998274049352197,0.1803101806684166,1,7334
127,0.2726665171999999,0.7497560473,0.6693437179999999,0.0704819011206339,0.077844741591408,0.1235784019541475,1,7334
128,0.6855210891000002,0.25665457219,0.600686774,0.119438141854466,0.3997724864735964,0.0619615549186118,1,7334
129,0.4370859692,-0.7934979809999999,0.2647525611999999,0.1385464038159804,0.1599903382219393,0.068676044211159,1,7334
130,0.20482583071,-0.9381682494,0.2714774915999999,0.0363570704520484,0.0156414332643156,0.0184987699593879,1,7334
131,0.14122518688,-0.9539989084,0.260999098,0.0215129531050987,0.0080570969417039,0.0120978921499388,1,7334
132,0.14263853559,-0.9587010849,0.2439521656,0.0360930112083643,0.011571665856919,0.0201358378424768,1,7334
133,0.1849198784,-0.9588270371999998,0.2148227628,0.0144725536602108,0.0104487931314879,0.0330409973712696,1,7334
134,0.179425521,-0.9682380174,0.1830644468,0.0107926006351001,0.0079641605138442,0.0095078783536968,1,7334
135,0.1772269783,-0.967140845,0.1879126599,0.0076932847159382,0.0078369499999999,0.0080147346651083,1,7334
136,0.1769129011,-0.968708235,0.1911969338,0.0084169240515569,0.0075136363995552,0.0069213587553641,1,7334
137,0.1756565945,-0.9644762808,0.2002677815,0.0196090351813259,0.0088496912049022,0.0094033613719927,1,7334
138,0.1561838055399999,-0.93845755,0.3191271574,0.0490655143340594,0.0189139702777159,0.0540163658314145,1,7334
139,-0.0341470093919999,-0.8969216642000002,0.4226599383999999,0.0549728092852577,0.0111956335552466,0.0208400835152937,1,7334
140,-0.1891441266,-0.8561694999000002,0.4442423074,0.0501776977995852,0.0164397118840386,0.0194416865329889,1,7334
141,-0.076233358276,-0.9502129863,0.28534607246,0.0977632701036278,0.091650225158916,0.1049253029341866,1,7334
142,0.4451348888479999,-0.13422876444,0.7038562813999999,0.2411504466670079,0.42812550148369,0.3857018882023307,1,7334
143,-0.1808210604999999,0.26780726381,0.7833044114000001,0.5253160419029402,0.1042578962503684,0.0817664354141649,1,7334
144,-0.4650609743999999,0.3198446749,0.8177110780000001,0.007916707181072,0.009792162702602,0.0090717235373715,1,7334
145,-0.4617631589999999,0.3187475008,0.820056988,0.0027291334848897,0.0078748657108821,0.0049605765898831,1,7334
146,-0.4622342753999999,0.3179638047999999,0.8194314120000001,0.0038141317948719,0.0078195251396938,0.00312788,1,7334
147,-0.4600357345999999,0.3214120671999999,0.8217773220000001,0.0061127209273285,0.010963825020982,0.007907670465582,1,7334
148,-0.4587794258,0.3226659808,0.8213081400000002,0.0071912201856022,0.0088047198301856,0.0064807751049398,1,7334
149,-0.4592505437999999,0.3289355488,0.8206825640000001,0.0100751806678286,0.0077237331390484,0.0091165492766196,1,7334
150,-0.4605128509,0.3277015130999999,0.8235286874999999,0.020726196847802,0.0136869271600955,0.0163699032431594,1,7334
151,-0.4357347170999999,0.3268737212000001,0.8365288584999999,0.0098248181039597,0.0058941920703646,0.0073119035653544,1,7334
152,-0.3410404275259999,0.2447423928699999,0.9095648107999998,0.1530847743640967,0.1197036464029697,0.1135164993482826,1,7334
153,0.5236142489339999,-0.4264148113499999,0.6527659655999999,0.3129220703468875,0.1755413936483097,0.1297239701959053,1,7334
154,0.6139114803999999,-0.4928722323999999,0.6157006020999999,0.060327107882046,0.0196121773149953,0.0442806668610844,1,7334
155,0.6652631033,-0.27218344465,0.61523140144,0.1089395796330852,0.3029437533785189,0.2689426113763843,1,7334
156,0.28428737666,0.8362760833000001,0.348736114786,0.1172941689117996,0.2171670468113464,0.2544565112344902,1,7334
157,0.24408548852,0.9370593766,-0.0108135678379999,0.1171734775712508,0.2167639339701602,0.1401702378984806,1,7334
158,0.1198679349639999,0.9803193858,0.27663849617,0.0783590967351815,0.0818451186670642,0.0856206738463852,1,7334
159,0.3079806416,0.8819521467999999,0.3586902945,0.0589636098596559,0.0296878623066648,0.0570092038473434,1,7334
160,0.17447743979,0.9357812902000002,0.3100008956999999,0.0345423719226246,0.0189977406041184,0.0331038498520666,1,7334
161,0.22190310174,1.0480065101999998,0.2820063828399999,0.2841501558381777,0.3329862170676302,0.2545772716609431,1,7334
162,0.26336127513,0.94299124478,-0.21141651623,0.6698754826770413,0.4050573550381761,0.651400318360528,1,7334
163,0.3817684127799999,0.9323329877,-0.27287933634,0.2826368650167954,0.2021380818796579,0.1534901995842901,1,7334
164,0.04287906849,0.9517686457,-0.25176614922,0.2908666214388013,0.2409626144923329,0.3054946734166528,1,7334
165,-0.0003065524499999,0.9475366854000002,0.30953172044,0.1839482638259612,0.2198764869296104,0.2479428223609313,1,7334
166,-0.01569633991,0.9276308121,0.28560344042,0.2770350568513865,0.1555931363464707,0.1878882457157979,1,7334
167,0.0380108675799999,0.9934612467,0.2404055931499999,0.2361059373024627,0.2763045982131754,0.2219578370175585,1,7334
168,0.33041679232,0.9679127846000004,-0.1125755435,0.166752492842962,0.25054402283747,0.2102188092806318,1,7334
169,0.4169450705999999,0.8920510510000002,-0.03453496637,0.1469491563865435,0.0731915860158308,0.1968525939864067,1,7334
170,0.18672644922,0.2782603863799999,0.7802775103999999,0.2741998034744307,0.6087093247793134,0.2781840886145761,1,7334
171,0.7905399313000001,-0.118603221936,0.6933224779,0.1307344859344832,0.1932186342789323,0.1800935605970097,1,7334
172,0.46075884305,-0.3571602625,0.7910687029000002,0.2223957257495238,0.0949723644440547,0.124064569578115,1,7334
173,-0.6202950585400001,0.384372829928,0.55397547139,1.0999941416932495,1.036745992931421,0.4012047737968882,1,7334
174,0.1736922439,-0.208101298742,1.0738289445,0.1593442839561105,0.1942914643572419,0.1934240969920356,1,7334
175,0.4437986742999999,-0.48866444,0.7447760948000002,0.1862420390523276,0.1201960308568955,0.1057538211327638,1,7334
176,0.5235742968,-0.193681293838,0.7760548797,0.2177549566987251,0.1329711101490431,0.1623830499763482,1,7334
177,0.3491043925199999,0.0005185549859999,0.9407377058,0.1016172423699071,0.0416219013279931,0.0567291454847375,1,7334
178,0.3943315186999999,0.011490297438,0.9182169506,0.0081995449788436,0.0145498975297386,0.0076536590244363,1,7334
179,0.3850662472999998,-0.005907751712,0.9240035416,0.0057688937586598,0.0067277897711044,0.0075447497325491,1,7334
180,0.3858514422999998,-0.0167227556839999,0.9235343584,0.004148855018424,0.0040193006149167,0.0076665649972102,1,7334
181,0.3720320218999998,-0.01829014766,0.9280697954,0.0100057191581821,0.0056600873867139,0.0060876420509417,1,7334
182,0.3844380864000001,-0.0276944997259999,0.9213448497,0.0161388199136828,0.0106036905514376,0.0132359823113176,1,7334
183,0.4654700153,-0.06358777156,0.8825591782,0.0310021969674968,0.0274371578230753,0.0141454918650122,1,7334
184,0.16913811709,-0.096659735572,0.9635712146,0.1823743812863197,0.06692490207048,0.0478336626192708,1,7334
185,0.0592110773,-0.11672234744,0.9889070260000002,0.0216468545274879,0.0108443446540117,0.0071323174285741,1,7334
186,0.08732098887,-0.1349040971,0.9849971760000004,0.0152891328895956,0.0078622557958732,0.0078339047346866,1,7334
187,0.19395022895,-0.12800757351,0.9657607236,0.076065928315293,0.0284822385634763,0.0195935763258402,1,7334
188,0.17683302052,-0.0872553885319999,0.9799925779000004,0.0675253255477508,0.0527312225516423,0.0442114248351254,1,7334
189,0.2261431552999999,-0.0999512578,0.9696705652000004,0.0086446943797784,0.0128209443870648,0.0089800221101874,1,7334
190,0.2305402378,-0.10073495296,0.9666990838,0.0082555682715448,0.0134214140498674,0.0118991870095329,1,7334
191,0.2201756858999999,-0.1170358262,0.9693577760000004,0.0116366696576974,0.0080493973213117,0.0078339047346866,1,7334
192,0.2052570137,-0.12471604704,0.9685758110000002,0.024292967699094,0.0141565757256982,0.013055551750517,1,7334
193,0.2693287653,-0.12926148436,0.9521544687999998,0.0390050278412946,0.0194080380241798,0.0176883597833008,1,7334
194,0.2781229294,-0.1278508298599999,0.9491829925999998,0.0054193440359522,0.0070378563087272,0.0078196760606157,1,7334
195,0.2738828935,-0.14023323232,0.9493393793999998,0.0169577112028702,0.0166258251719267,0.0105721405634362,1,7334
196,0.2759243914,-0.1609228086,0.9479318454,0.0098450961075753,0.010124824418435,0.007048671112598,1,7334
197,0.2854977659,-0.1535361847,0.9440530316,0.0077920504533555,0.007779512747945,0.0098919300806717,1,7334
198,0.2590812986999999,-0.16658961,0.949859066,0.0125273343739087,0.0078764411566738,0.0077259138470647,1,7334
199,0.2622584387,-0.1685910995,0.9513911120999998,0.0161742739928903,0.0119454966688843,0.0115408379737601,1,7334
200,0.2479443527999999,-0.1791711562,0.9518259782,0.0104049084032201,0.0088030489544478,0.0077655620556751,1,7334
201,0.2328558658,-0.182890481,0.9554892345,0.0096920841500952,0.0090273727975582,0.0087571398877874,1,7334
202,0.2045889064,-0.1907274376,0.9614321930000002,0.0156649523114998,0.007016665063184,0.0073657676171941,1,7334
203,0.2639494992,-0.1811663509,0.9497026674,0.0321364780767589,0.0215134971867321,0.0180389673458692,1,7334
204,0.2630072624999999,-0.1708215667,0.9457928198000002,0.0143572925753278,0.0155714650682194,0.0260163142383616,1,7334
205,0.2724295679,-0.18320396,0.9439161040000004,0.0071894829511996,0.0089998417980789,0.0052131466666751,1,7334
206,0.2790251921,-0.204207008,0.9381295085000004,0.0067165883132036,0.006101065085436,0.0078449601603917,1,7334
207,0.2744710688,-0.1976239617,0.9400062415000005,0.0060223972443851,0.0093142036377539,0.0078197222727331,1,7334
208,0.2788681548000001,-0.1988778751999999,0.9371911410000004,0.0079606384161551,0.0078195251396938,0.0100535179433892,1,7334
209,0.2857778637000001,-0.2082822272,0.9353144075000004,0.0080477833514456,0.0112982325222158,0.0074971220174318,1,7334
210,0.2906460681000001,-0.1899437427,0.9356271939000004,0.0070918172871913,0.0095808061531861,0.0110374941903703,1,7334
211,0.2915883012,-0.2009154847999999,0.9343760415,0.006490245089804,0.0072856016307517,0.0086934713599061,1,7334
212,0.2882904852,-0.2065580959999999,0.9335940690000004,0.0080848395564073,0.0046597654289771,0.0074126093874695,1,7334
213,0.2487167534,-0.2139248438999999,0.9417265513,0.042941291298125,0.0379693482578457,0.0655325533545131,1,7334
214,0.2229624303,-0.2225454965999999,0.9511102020000002,0.014636532716489,0.0137790488489396,0.0124798770565726,1,7334
215,0.170354486255,-0.22223202351,0.9534561184,0.0670869338165421,0.0592515682303965,0.0178517226845689,1,7334
216,0.23521143724,0.057233946317,0.9656548333,0.088124424721235,0.085663814610371,0.0425434572660154,1,7334
217,0.2711732776,0.0929704790879999,0.9583043188,0.0672604776168974,0.0446571256499986,0.0348915327988849,1,7334
218,0.2930016487999999,0.06209286026,0.9514229930000002,0.0578105164633562,0.0217247023578694,0.0180286934446681,1,7334
219,0.3207974836,0.0406195903719999,0.9479823395,0.0126372241072537,0.0171236059769725,0.0085284647204875,1,7334
220,0.3314761084999998,0.0290208914199999,0.9432905250000002,0.0087861698057683,0.0073820357304509,0.006295143955898,1,7334
221,0.3321042612,0.0166384956259999,0.9454800400000002,0.0150352980848123,0.0093713092830334,0.0070293875527004,1,7334
222,0.3723061435,0.010525667403,0.9271819095000002,0.0301859466948025,0.0091854290314794,0.0129720402666262,1,7334
223,0.4225585009,0.034663502187,0.9068507017999996,0.0225088606208603,0.0252262608169387,0.0087387830997834,1,7334
224,0.4492550602000001,0.00660718787,0.8971542993999998,0.0061106854136962,0.0116560674219161,0.004498241571875,1,7334
225,0.4552225328,-0.0018567281169999,0.8930880710000002,0.0088988631158651,0.00156739183,0.0074970692864583,1,7334
226,0.4764227561999998,-0.0018567281249999,0.8804201847,0.0082374426598235,0.0035189270095502,0.0069302908611493,1,7334
227,0.4505113714000001,-0.012985210443,0.8962159394,0.0086720287206204,0.00755481647593,0.0064329223025519,1,7334
228,0.462760391,-0.034145002853,0.8849556021000001,0.0161965994116568,0.0109988492422565,0.0096009629488055,1,7334
229,0.480348719,-0.0372797869399999,0.8763539093999999,0.0221519034846964,0.0081474502470298,0.0137352186598236,1,7334
230,0.5108142284000001,-0.02850239356,0.8568046184999999,0.0040269836373389,0.0072856034900445,0.0073909157195996,1,7334
231,0.4878865742,-0.0506026135999999,0.8715057015,0.0078772690896655,0.0100867634924972,0.0073237547110722,1,7334
232,0.4988792820000002,-0.0531104396,0.8649371335999999,0.009743357577774,0.0082217360260495,0.0092657615681091,1,7334
233,0.5115886314000001,-0.0518207387199999,0.8562348900000002,0.0070427446499177,0.0060622567808843,0.0071107760552367,1,7334
234,0.5046497754000002,-0.0576800712999999,0.8606085439999999,0.0103303055004269,0.0084303679823309,0.008411822170814,1,7334
235,0.4966408137000001,-0.06739790236,0.8670207120000001,0.0056708964418963,0.0064490707090845,0.0071875400808267,1,7334
236,0.5125016952000001,-0.0641063784,0.8560731035000001,0.0054308083170249,0.0026872404180283,0.0076536633939962,1,7334
237,0.5461079466000001,-0.0634794216,0.8337087840000003,0.0141836091829817,0.0040193009226356,0.0125193986305029,1,7334
238,0.5495627963999999,-0.06269572568,0.835116341,0.0083515560973269,0.0060109170256027,0.0055594382082983,1,7334
239,0.5255358984000001,-0.07899660216,0.8473150519999999,0.0140557088167058,0.0125391338545459,0.0111798114642672,1,7334
240,0.5096750026,-0.0959244299999999,0.8563858905,0.0059138712219608,1.3947701538996772e-17,0.0071323402309752,1,7334
241,0.5129728102,-0.0893413878,0.8526324235000001,0.0040269785086909,0.0077749641177528,0.0040837141328527,1,7334
242,0.5054349635000002,-0.08918464902,0.8596701751000001,0.01448167860421,0.010026306155425,0.0141463821301577,1,7334
243,0.5206677051999999,-0.1026642159199999,0.8488789980999999,0.0240730334552583,0.0189368975616108,0.0188218297528744,1,7334
244,0.5070053508000001,-0.1260183473,0.8526324339999999,0.0096508634867159,0.0048194525386284,0.0102771019937599,1,7334
245,0.5040216200000001,-0.1286829129,0.8568550759999998,0.00789147652239,0.005028599997875,0.0079776783736724,1,7334
246,0.5008808517000002,-0.1313474791999999,0.8563858945,0.0090666200828184,0.0072600110998707,0.0084044723966952,1,7334
247,0.5192283965999999,-0.14364372764,0.8477623156000001,0.0257902923387557,0.0107579000477359,0.0156905729808996,1,7334
248,0.5619289254000001,-0.1457916909,0.8162431659999999,0.0237998718742972,0.0106130472550184,0.0160748730784978,1,7334
249,0.5239255751400002,-0.17212387399,0.8304750146000001,0.1720540545651351,0.1112928509369656,0.0729425317208068,1,7334
250,0.3693995725,-0.241559335355,0.8980371826,0.1526998625364193,0.0950278764109174,0.084843828758593,1,7334
251,0.5991470995,-0.14077603498,0.7834004198,0.0273660662188753,0.0226814144546459,0.0289739451603684,1,7334
252,0.6060568004,-0.1555095170999999,0.7826184416,0.0031565946291079,0.006179866043831,0.0078022835824555,1,7334
253,0.6057427236000001,-0.1581740823999999,0.7815236863999999,0.0044529240473093,0.0038457687471899,0.0078575021311925,1,7334
254,0.5730786817000001,-0.18826801545,0.7973194807000001,0.1307893603800818,0.066180850845781,0.0559046069347474,1,7334
255,0.3858886272149999,-0.283095221945,0.8519009713999999,0.3208409941624788,0.1227992440445819,0.1981799752066826,1,7334
256,0.4359839562000001,-0.2954776181,0.8603462482999998,0.0291925334237159,0.0424229491933447,0.0242951430724989,1,7334
257,0.4838507723000001,-0.2903625432,0.8273459046000002,0.0207775673234338,0.0303004785279689,0.0141018321380024,1,7334
258,0.47724516778,-0.7012995618400001,0.28627456388,0.2676599201103281,0.2977712982332101,0.4486030975309482,1,7334
259,0.6086865167000001,-0.7839010995999999,-0.0213523321499999,0.0707969886263829,0.0723979866988481,0.1376399577438756,1,7334
260,0.370458895643,-0.6773184542049999,0.37604468353,0.3348669996800172,0.2188334830882553,0.2491257624407379,1,7334
261,0.9125562423,-0.165721760725,0.49068144953,0.2343915718725302,0.087267403048106,0.1999520998575517,1,7334
262,0.8385910643,-0.1881354628,0.5106999035000002,0.0069498899994306,0.009582097090169,0.0061762695630344,1,7334
263,0.8387481034000001,-0.1798282924,0.513202208,0.0060636241344453,0.0106036821832484,0.0073321600384766,1,7334
264,0.8382769873000001,-0.1820226386,0.5141405720000001,0.0064285390615226,0.0084817143046863,0.007629395577157,1,7334
265,0.8406325637999998,-0.1842169872,0.5081975915000001,0.0108936821917709,0.0212955396671093,0.0091652146989214,1,7334
266,0.8348221340999998,-0.2205804767999999,0.5042877346,0.0143364634973235,0.0284822358393564,0.0130328512121286,1,7334
267,0.8255568550999999,-0.2313954881999999,0.5127330255,0.0063052904332747,0.0126455507477916,0.0074706894740141,1,7334
268,0.8330947106,-0.2097654723999999,0.5088231745000001,0.0081767419056005,0.0130054377927595,0.0049306080411834,1,7334
269,0.8456577969,-0.1787311176,0.5025673987,0.0195377613173896,0.011249800446212,0.0084703612232501,1,7334
270,0.8401614502999999,-0.2056902538,0.5002214805,0.0074347702945495,0.0152697378943898,0.007857547348848,1,7334
271,0.8282265104999997,-0.2293578828999999,0.5075720210000001,0.0056356522441259,0.0078622557958732,0.004401103091766,1,7334
272,0.8261494161000001,-0.2331583958,0.5080688906999999,0.002209020365109,0.0069028644266612,0.003126254666379,1,7334
273,0.8285265911999998,-0.2338569297,0.5063932545000001,0.0063348342308778,0.0064581647016871,0.0081060419093324,1,7334
274,0.8286976292,-0.2332763634,0.5055388881,0.0087535039068181,0.0093408081431916,0.0099547337216938,1,7334
275,0.8266489253,-0.2334092447,0.5069836723,0.004664476935062,0.0081212000657834,0.0061684040014352,1,7334
276,0.8244175944000002,-0.2381594715,0.5080916419999999,0.0045167932870616,0.0068665234754805,0.0031278769696974,1,7334
277,0.8245746328000001,-0.2392566464,0.5091863984999999,0.0042818078263148,0.0059172992822943,0.0034256931710051,1,7334
278,0.8283435551000002,-0.2235827205,0.5101247570999999,0.0255196596717208,0.0328971326009603,0.0117403251874729,1,7334
279,0.8275583679000001,-0.2072818412,0.5151293587,0.0106800651014449,0.017206734061102,0.0083926733722512,1,7334
280,0.8250545496000001,-0.2272168822,0.5111740104,0.0120964291289787,0.0159284474026152,0.0090076716908529,1,7334
281,0.8252427817999998,-0.2213641781999999,0.5121074457000001,0.0089058427227305,0.0127938286128382,0.0092657353719592,1,7334
282,0.8380807507,-0.1789147012999999,0.5077747171999999,0.0069089507768306,0.0094232139373894,0.0049301536182397,1,7334
283,0.8385806642000001,-0.1990727425,0.5041851214,0.0079488811424655,0.0102494072362868,0.0075812467683697,1,7334
284,0.8371777164,-0.2061604667,0.5027237925,0.0070865418792387,0.0046597676884132,0.0074971220174318,1,7334
285,0.8367066003000001,-0.2077278595,0.502254609,0.0072995230855531,0.0056249076679043,0.0076294199687436,1,7334
286,0.8360784455000001,-0.2080413381,0.5025673979999999,0.0075280031929439,0.005917303057546,0.0075447545567307,1,7334
287,0.8343510202000001,-0.2083548168,0.5041313415,0.008176741843522,0.0065691635975493,0.0078967492167105,1,7334
288,0.8340369423999998,-0.2056902504,0.5049133155000001,0.0078851758773793,0.0097056197735973,0.0064021680786794,1,7334
289,0.8277553943999998,-0.2234017894999999,0.5058516825000001,0.0051288624649333,0.0060500131098132,0.0056125338206057,1,7334
290,0.8263420468999999,-0.2299848400999999,0.5039749485000001,0.00414885052217,0.0077988750296725,0.0069782607099899,1,7334
291,0.8268131641999997,-0.2335898412,0.5067900475,0.0062417604009026,0.0089111756413376,0.0063245106628668,1,7334
292,0.8277553943999999,-0.2234017894999999,0.5063208655,0.0051288624649333,0.0064471490587215,0.0055705563854855,1,7334
293,0.8268131621999999,-0.2310820152,0.503505765,0.0037482508324452,0.0075613883345883,0.007203001845017,1,7334
294,0.8260279690999998,-0.2359409330999999,0.504444132,0.002729130572937,0.0040927198662973,0.0067129945662153,1,7334
295,0.8290117043999998,-0.2296713610999999,0.5024110035,0.0066961515300413,0.0081474581559091,0.0075888333420258,1,7334
296,0.8285405878999998,-0.2296713598999999,0.4994395075,0.005928606161078,0.0098060926696046,0.0081128025757938,1,7334
297,0.8282265105,-0.2350004976999999,0.4974063794999999,0.0056356522441259,0.0049289186628392,0.0072695791750922,1,7334
298,0.8271272395999998,-0.2378218015,0.500377875,0.0042818160061125,0.0051069402992966,0.0078591193299278,1,7334
299,0.8299539361999999,-0.2268500541,0.496624407,0.0069229569020346,0.0076055642995488,0.006894557731408,1,7334
