index,mean_x,mean_y,mean_z,std_x,std_y,std_z,label,file_id
0,0.16626739184,0.8561275706000002,-0.38283695288,0.8651529387667082,0.3794098654083661,0.4381344686394637,1,2732
1,-0.44740501746,0.5281652085,-0.700692393,0.3495966716174319,0.2434854013970298,0.2169892069109242,1,2732
2,0.42239506869,0.7699190510300002,0.0368357747599999,0.39821758641032,0.5439402953203452,0.700735280428584,1,2732
3,0.8803256632,0.0541960736949999,0.4395627357,0.1092250046806251,0.0630907958971415,0.1074196278651015,1,2732
4,0.7461183717000001,-0.15189894836,0.5331239753000001,0.201123322216922,0.1083325839977699,0.1022988988356333,1,2732
5,0.8210322006399999,-0.06352860711,0.07470577954,0.3471696284328033,0.5390346425633168,0.4858726092657859,1,2732
6,0.43371185072,0.62929494124,0.2167979105599999,0.5407226387652494,0.6530747919733217,0.6704072805246839,1,2732
7,0.2857969127899999,0.7852878166,-0.09745959409,0.3876104324045976,0.62231627398761,0.5711599317385514,1,2732
8,0.3591168176999999,0.7562408407699998,0.6098187094499999,0.4628575115792834,0.4053055721366042,0.3707362030741657,1,2732
9,0.73602432674,0.607104902448,0.26199063949,0.3363973811368364,0.3095978117861813,0.3602682727428022,1,2732
10,1.04469206488,0.0137889903779999,-0.3421394624299999,0.5163047421826902,0.3741538723109627,0.4316806222247041,1,2732
11,0.6627568449000001,-0.3264880271299999,0.37575652551,0.4747741671084829,0.2352426098291288,0.3459396070873164,1,2732
12,0.45127323273,-0.4269934840220001,0.6378316432929999,0.5488537384867643,0.342421310618382,0.5059606354376983,1,2732
13,0.16674557522,-0.2226054108559999,0.75421833818,0.5776203473923031,0.4680380283370656,0.3972294204463921,1,2732
14,0.6803677280000001,-0.5821621977,0.4524387032,0.2923807878164658,0.2601140632517771,0.1909325887830261,1,2732
15,0.64662776272,-0.4709887380100001,-0.0787083182299999,0.4076649123499422,0.33764778181781,0.617883656365887,1,2732
16,0.1654704498,-0.8338208145199999,-0.038665325107,0.4791096728952846,0.5808682995932684,0.8028810193914959,1,2732
17,0.67233410436,-0.2175337249399999,-0.2967542671,0.4750355379149684,0.4407246382229642,0.6162193138461844,1,2732
18,0.7380032458999999,0.3709359398,-0.5849164633999999,0.1341117188031423,0.1422042229145559,0.1149279361447454,1,2732
19,0.7454946291,0.4087430747999999,-0.5936679412000001,0.0878144064724331,0.1214368485916772,0.0552821474880004,1,2732
20,0.8106855842999999,0.249983833,-0.5620035117,0.0581526535776913,0.0642477609048822,0.0365439367045681,1,2732
21,0.8097292435000001,0.24614164102,-0.5295434857000002,0.0598266415774162,0.1168956504931581,0.0303977286270815,1,2732
22,0.7080377220000001,0.4305667055999999,-0.6060791334,0.0249259982513619,0.0412548927909319,0.0151510212673367,1,2732
23,0.7209483996,0.3552598063999999,-0.6356750066000001,0.0374306038418775,0.0643192024179396,0.0270844986750598,1,2732
24,0.8416074641,0.1697589250000001,-0.5338396589000001,0.0230339782886152,0.0168320819552927,0.0202309167543278,1,2732
25,0.7982530978999998,0.2392257,-0.5774379492999999,0.0271910392757258,0.0323600286689746,0.0196225694214768,1,2732
26,0.6897077749,0.3896858208999999,-0.6592244452,0.025326865592286,0.0288657674292976,0.019187660547384,1,2732
27,0.8028754239,0.2330781985999999,-0.6078294178,0.1690829886072317,0.0934782380199864,0.0933385160640682,1,2732
28,0.01484586584,-0.186335150956,0.2555433771959999,1.0350839989978926,0.161064194731167,0.4045513891470116,1,2732
29,-0.45695175609,-0.25764617926,0.7616968692999998,0.2660830777224076,0.1323877378182851,0.1940775142317282,1,2732
30,0.61750357556,0.0157639845239999,0.287526033633,0.5104010093381557,0.6529195971710449,0.2043276046922701,1,2732
31,0.4617784903999999,0.9146825075,-0.148774780905,0.1601152371505589,0.0716269868261759,0.1305635311128724,1,2732
32,0.5515156700400001,0.8207794303300001,-0.236130409537,0.4972955334021608,0.3096001637706685,0.2802766424957589,1,2732
33,0.7925149969999998,-0.4021124849500001,0.128408303469,0.2228996097752704,0.3578558422486432,0.2680877755306127,1,2732
34,0.7544205185999999,-0.083671859426,0.31537163831,0.3196076723221206,0.4354147689251817,0.3830050109398543,1,2732
35,0.291867591,0.3870731270999999,0.8220024955,0.0509517887533811,0.0291515714300377,0.0369032716673639,1,2732
36,0.26923405333,0.4124315744,0.8643278094999998,0.1274226825240707,0.1039063119837554,0.1304858472465694,1,2732
37,0.76685302533,-0.3537009049799999,0.299778102156,0.2922303386717689,0.2671063642477432,0.3435428757189988,1,2732
38,0.34781384886,-0.544427159492,0.099926228756,0.765242422577579,0.5675435465804135,0.5709756080738209,1,2732
39,1.01215590821,0.2264696306539999,0.32189546643,0.6926291503284663,0.4717412336051345,0.600877711165013,1,2732
40,0.8867151206399998,-0.44268599975,-0.002068236171,0.2090367339804003,0.1750196106176819,0.1797379486750687,1,2732
41,0.7482042655999999,-0.58131216934,0.13031771814,0.3181108478129525,0.4297130862754519,0.4362017892862039,1,2732
42,0.57271468205,-0.6581559537999999,0.269545728763,0.4270779904090641,0.3175659563396817,0.4413042137529321,1,2732
43,0.7544205219999999,-0.6566190789,0.136841541928,0.2549218613793117,0.162491764096295,0.1711285627589513,1,2732
44,0.8017596797700002,-0.57531835775,0.17137008944,0.3059612340409907,0.2671202857707747,0.3022888303615832,1,2732
45,0.6285015621,-0.6609223223,0.2908675094,0.0833742045844702,0.0765949934609394,0.0835781687856268,1,2732
46,0.67058081104,0.220783197376,0.564868241256,0.5064584697622567,0.4032835226106418,0.3871309582566065,1,2732
47,0.8030348069000002,0.227545445604,0.46892025055,0.187127712358654,0.1022087906875503,0.1691411465035873,1,2732
48,0.29919957118,0.8613529566239998,-0.0412111955879999,0.4553203552759785,0.945289510385694,0.9664140734738876,1,2732
49,0.53366386428,0.92836074406,0.06619327073,0.425168789720014,0.4698214359127097,0.2625625639952607,1,2732
50,0.71297884247,-0.088128800126,0.269704845973,0.6880274010367357,0.4770347648319039,0.3591143083786651,1,2732
51,0.86806636872,-0.320197015348,0.395566971336,0.643419225876697,0.2865027565339991,0.3559120064982924,1,2732
52,0.8763547159799999,-0.404417791066,0.150843904795,0.921272923003249,0.4855120322557587,0.4043265249955698,1,2732
53,0.8621688948499999,-0.4508314383899999,0.1245894762329999,0.6198608900934678,0.3274827441720048,0.2553418571925496,1,2732
54,0.90727655853,-0.28530993967,0.277342496879,0.5287232036646294,0.2004819053014213,0.292348291460949,1,2732
55,0.8546775019999999,-0.3234244545519999,0.212581579853,0.4749836684111562,0.1903834375628039,0.216049250318798,1,2732
56,0.8824115582800001,-0.35154927748,0.196828926832,0.518256379772359,0.2242672154133528,0.2874509938813919,1,2732
57,-0.0497493632699999,-0.41632595806,0.3585192805030001,0.9464527339749222,0.4227322328598555,0.2005144220741717,1,2732
58,0.1053649343,-0.232050903605,0.5048875985900001,0.7928014946151073,0.4393069784255587,0.365445413749472,1,2732
59,0.7878775825000001,-0.2503397204099999,0.26605189826,0.4019484884267262,0.3226764140348832,0.3790946435397881,1,2732
60,0.7585496266300001,-0.272931793705,0.3502251642,0.424096504438669,0.3274574305162199,0.4447922904205258,1,2732
61,0.7561100161999998,-0.6660937254,-0.25821261033,0.1316724357203337,0.2131480108911842,0.1876238295609441,1,2732
62,0.6866504544800001,-0.239878774548,0.3539641337899999,0.5078328052099387,0.3837589927341484,0.4597601276608688,1,2732
63,0.5414451703697,-0.113854975626,0.6873157794499999,0.4397325615287736,0.2792136459487088,0.3152003077746333,1,2732
64,0.4706755186797,-0.0926460971979999,0.66297076356,0.5525764666973088,0.587842366101194,0.3349067796011476,1,2732
65,0.6179528936194001,-0.513135271082,0.3156167636399999,0.5739344747234016,0.3016210192842711,0.3237092898165504,1,2732
66,0.0867023856194,-0.6620585216000001,0.4984430389700001,0.3937502557395518,0.2225577011250482,0.222821017115397,1,2732
67,0.4416663402296999,0.54700151395,0.5690912962400001,0.5470217133767781,0.4151609233788354,0.5091719721707605,1,2732
68,0.6063173425600001,0.475229432288,0.41729298589,0.2938151488889443,0.3420928056812869,0.4381573401832195,1,2732
69,0.8643715160000002,0.632451793,0.1351772545199999,0.2042465671898755,0.185702408224291,0.2801722911843992,1,2732
70,0.7602891398,0.2803536141039999,0.37194443935,0.537376607925744,0.2386987730785076,0.3739228631906902,1,2732
71,0.4501140724997,0.55530066192,0.4562768443099999,0.4327397914441553,0.4683918932399866,0.4390193267289099,1,2732
72,0.3175006852297,0.7810676717,0.3910385691999999,0.3605542648415333,0.2334814501813416,0.3282051311736217,1,2732
73,0.27278894788,0.8177321639999999,0.40057194545,0.2916703824799491,0.2130195621191475,0.3467284065235066,1,2732
74,0.08270379929,0.8840485338999998,0.26589216287,0.3001600952464281,0.2328484979394059,0.2404389170714542,1,2732
75,0.3122269623,0.7166827849399999,0.2994660080799999,0.4882923429488173,0.3900053545087233,0.3563586621589,1,2732
76,0.07074946217,1.0228284018000002,0.01098556906,0.4620240017413532,0.366612132864243,0.5528029959189287,1,2732
77,0.192205473026,0.97964219826,0.04917382473,0.4206276345286928,0.3174933895387931,0.5053754511894344,1,2732
78,0.127970862572,0.7592542369700002,-0.14447245458,0.4620532524988531,0.9777456295046708,0.5660975213471853,1,2732
79,0.6742041199419999,-0.21681544609,0.18140064596,0.3924843293311366,0.3170156603589937,0.5991240564887153,1,2732
80,0.652845710364,-0.2667639009299999,-0.6450568321,0.2772967629965362,0.1478340768090111,0.2346017866233869,1,2732
81,0.9144064901,-0.2480140208,-0.3831490366,0.0770432000507656,0.0303453665763746,0.0604848234357665,1,2732
82,0.9438938396,-0.2085163047999999,-0.3158422337,0.0355598301781456,0.0219938687236589,0.0403440705678874,1,2732
83,0.9398574191999998,-0.17197109173,-0.3540195762,0.0568693181104216,0.0382940713725457,0.0488167059255543,1,2732
84,0.9610942897,-0.14534054026,-0.2879173763,0.0270514530337351,0.0180627898506962,0.0344120154856139,1,2732
85,0.971295315,-0.1381172259499999,-0.2551391139999999,0.0205173508640716,0.0122171407522637,0.0126285551266372,1,2732
86,0.973526792,-0.1308939064499999,-0.2435235308999999,0.0182649312513079,0.0252009585181097,0.0241869576017019,1,2732
87,0.9749613113,-0.12505377896,-0.2476605867999999,0.0303181778410843,0.0187217701693425,0.0175029346666721,1,2732
88,0.9722516606,-0.13212340632,-0.24400088753,0.0380898150080621,0.0370383207592533,0.0300273759685354,1,2732
89,0.9735267894,-0.12643696679,-0.2416141252999999,0.047575203198097,0.0301323325436431,0.0292136268494735,1,2732
90,0.9749613109,-0.12305584069,-0.2411367714999999,0.0359702551108687,0.0287730502392463,0.020417124454191,1,2732
91,0.9676293143,-0.135043471048,-0.21520058557,0.1390398622818806,0.0955638155584143,0.1272992987115073,1,2732
92,0.9929724862,-0.0606586894619999,-0.1424837847999999,0.1243869369882863,0.0801631490870987,0.1893609601254059,1,2732
93,0.54093936679,0.4953828969,0.1210151734299999,0.5607708658855247,0.6216630924978662,0.2957152012372561,1,2732
94,0.102932662518,0.95321812,0.0034271657,0.4459428919867162,0.2275013891718873,0.2579123051194384,1,2732
95,0.12827584812,0.9725827498000004,-0.0309422627,0.192492427064753,0.2457341012638202,0.2597839733669339,1,2732
96,-0.098218893696,1.0252975934,-0.1291178983499999,0.2858566200308143,0.1547300509245767,0.2131457736860472,1,2732
97,-0.0551760182539999,0.9647528799,-0.01403203904,0.2504180296325138,0.1023894683703075,0.2426921332901887,1,2732
98,-0.0344762616789999,1.0007177906,0.0499687913659999,0.2483821885946895,0.1468491776259022,0.1364744511567883,1,2732
99,-0.18478206292,0.971363477,-0.289111087956,0.4637051496591734,0.9561585039546718,0.5075006991670477,1,2732
100,0.5686596188470001,0.362914430006,-0.0174971238189999,0.5640246449971528,0.5499634302812403,0.3620645801942461,1,2732
101,0.8407401912999998,-0.070945564708,-0.6038459587999999,0.2305929041870443,0.0927666308172504,0.2181170219809013,1,2732
102,0.8992367156000002,-0.2103401809999999,-0.4541161737,0.0626215354954129,0.0289874282052666,0.0507234254427689,1,2732
103,0.9376499571,-0.1923587324999999,-0.336050819,0.0378830946012075,0.0226148119351284,0.0415223987008302,1,2732
104,0.9524733248,-0.1708424749999999,-0.3101146218999999,0.0157047208871497,0.0104715547520369,0.0151872785202512,1,2732
105,0.953589057,-0.1645412837999999,-0.309159914,0.0105338782832692,0.0084305605597162,0.0088909943364262,1,2732
106,0.9484885581000002,-0.1676150365999999,-0.3236396307,0.0158874856407193,0.0101745670602868,0.0158021093713291,1,2732
107,0.9518357597,-0.15854747,-0.3152063933,0.015639222168129,0.0137427601372527,0.0182469318907264,1,2732
108,0.9578926145,-0.1494799076,-0.3012040322999999,0.0167239776492674,0.0099276952215774,0.0149085593422898,1,2732
109,0.9626743513,-0.141180782,-0.2873607998,0.0220457524955766,0.0148307432830452,0.0265889589725196,1,2732
110,0.9626743475,-0.1393365326,-0.2766999127,0.019710378949249,0.0131890819227204,0.0140319618591915,1,2732
111,0.9696126171,-0.13970254552,-0.2591668888,0.0179276795666154,0.0113374112825557,0.0137487071117402,1,2732
112,0.9699925546,-0.13778946664,-0.2545032706,0.0136155521429701,0.0076548257503753,0.0120471415347164,1,2732
113,0.9709489013,-0.143629592,-0.2490932716,0.020562335136278,0.0118885393986704,0.0177640080560311,1,2732
114,0.9680798703,-0.1390189641999999,-0.2535485669,0.0203288669373421,0.0169091582171047,0.020739633106287,1,2732
115,0.9746148984000002,-0.13194933584,-0.2498888554,0.0162381842217613,0.013901563706842,0.0126972283556146,1,2732
116,0.9736585567,-0.1256481439399999,-0.2457517991,0.0277921740564775,0.0211894358912287,0.0269974875812335,1,2732
117,0.9762088096,-0.12687764584,-0.2314312115999999,0.0149204291196215,0.0097824486580104,0.0113079966857063,1,2732
118,0.9717458518,-0.1520824,-0.2419329735999999,0.0135276388965651,0.0101745631634842,0.0113125177288245,1,2732
119,0.9725428066,-0.14378327848,-0.2403417975999999,0.0112547146747361,0.009975645252616,0.0081918603042861,1,2732
120,0.9750930684000002,-0.1404021546,-0.229680918,0.0139064803833722,0.0076843750909108,0.0106307198829466,1,2732
121,0.9762088087,-0.1399410934,-0.2295218007999999,0.0114120752431767,0.0061707427331547,0.0080533253911429,1,2732
122,0.7095475415080001,0.174042597762,-0.145348524178,0.4011266007450677,0.6235020701803863,0.3938842353755798,1,2732
123,0.2752068197,0.656006807216,0.3819676252739999,0.4493953780735859,0.5828548865405062,0.3386317872531044,1,2732
124,-0.1627998973709999,0.9314149015999998,0.2654934537319999,0.3073864611775792,0.2351545898586943,0.3288312860337388,1,2732
125,-0.2082263564299999,0.9135871297,0.209324889938,0.645896942688181,0.2501752905665392,0.2264821410734557,1,2732
126,0.1008329665829999,0.8760873530000001,0.3867411549500001,0.2350201020062919,0.1730261363346186,0.2143799049905806,1,2732
127,-0.109722663882,0.9180440583000002,0.321502887076,0.2078326573770449,0.1489156375636171,0.2763263115021326,1,2732
128,-0.039431192606,0.8020099450000001,0.4698006147079999,0.2955678764562313,0.2062496708752974,0.3142864920377433,1,2732
129,0.0987608818489999,0.7182502615499997,0.41474587944,0.3316791120731702,0.3855695047758996,0.3661984785132934,1,2732
130,-0.137616103996,0.7764978307999999,0.43988648296,0.4712857052071184,0.3076381316292794,0.4055555279876181,1,2732
131,-0.2582751604229999,0.9430951420999998,0.2541960881,0.1569329692059412,0.1408633681896882,0.2184509810909556,1,2732
132,-0.151164346795,0.3112855806,0.8599572741,0.102353357855119,0.1400793961515845,0.1998914204254961,1,2732
133,0.028229248512,-0.155682413304,0.8842973480799999,0.2480507807931868,0.2382570929436059,0.2733381980630891,1,2732
134,0.14285327736,-1.0087774458,-0.1350387018939999,0.3941716031297907,0.475405636707896,0.2633940103910139,1,2732
135,-0.055689083372,-0.9091473124,0.1095580726299999,0.3137276913907905,0.1942322922800576,0.1077019614094175,1,2732
136,0.6904206132,-0.6524891168000001,0.12817485077,0.1575870052238179,0.1019835178694572,0.30051221678749,1,2732
137,0.6068669648999999,-0.7631552463000001,0.231726013944,0.142254910936091,0.176909475319825,0.2064556828620585,1,2732
138,0.085677013042,0.6203614646000001,0.50536312532,0.337244517911683,0.5136979021451521,0.4199420419525479,1,2732
139,0.0463074131229999,0.8041717838799998,0.36072510818,0.5679732746432857,0.3749574347303882,0.3931994651800067,1,2732
140,0.391867301371,0.8084750417,0.30630684029,0.3139516221395242,0.1000759972592019,0.1712021513263962,1,2732
141,0.4196013464150001,0.8089361031999998,0.29707801059,0.3887377786893531,0.1512195266919396,0.3406238135500228,1,2732
142,0.30994027714,0.7228710692,0.5246163683599999,0.6351011934139633,0.2051133575096392,0.4084154554498632,1,2732
143,0.002793640015,0.8006369704,0.57362463135,0.3191221540031524,0.1357517198207185,0.2793532144525201,1,2732
144,0.57835487691,0.41211482146,0.34306303542,0.340263523807597,0.5135472936275254,0.2248601794780006,1,2732
145,0.4814450835609999,-0.4592936533999999,0.59637846827,0.3809622461590374,0.1492726911959679,0.3057752625730311,1,2732
146,0.8802415873709997,-0.32389491609,0.16485117566,0.3386828388248399,0.1566398163630109,0.4810323156145465,1,2732
147,0.9492579463,-0.2250738008499999,-0.1584760416899999,0.1335364211908059,0.1272648175893405,0.2440334911765538,1,2732
148,0.9554741954,-0.2230758614,-0.2604705000999999,0.0636242619689839,0.0273985892634525,0.0752362203024789,1,2732
149,0.9615310607,-0.2180041652999999,-0.2208501941499999,0.0272405159175049,0.0167639188759476,0.0451241798011514,1,2732
150,0.8872548160000001,-0.201866984714,0.10645497595,0.2272647431114162,0.1047342269012384,0.3511384243856501,1,2732
151,0.9718914807,-0.2430552482,-0.02338509679,0.0187714234120408,0.0170076498046325,0.0201498359771106,1,2732
152,0.9663127967,-0.2464363792,-0.02433980316,0.0145908507231199,0.0078517736010454,0.0172416477198711,1,2732
153,0.965356439,-0.2458216284,-0.0025406745099999,0.0107270292056283,0.0041904476654648,0.0070273585718716,1,2732
154,0.9634437602999998,-0.2416720613,0.02928287112,0.0175805125308688,0.013707136821149,0.0342731421737539,1,2732
155,0.9500549019,-0.2289159893,0.10709144081,0.0386794712364572,0.0275773892589386,0.055396759335814,1,2732
156,0.8657370286,-0.064470299564,0.4371016250999999,0.0730349687734893,0.0617182692818215,0.0741901660672489,1,2732
157,0.8442192335,-0.1013553109,0.4600145767,0.0669764490841913,0.0251426618139792,0.0368855990400511,1,2732
158,0.8590425942999999,-0.1476152683,0.4191213195,0.0732804999046999,0.0448979370694995,0.0462747585261144,1,2732
159,0.8488000846999999,-0.13488014996,0.4462434652999999,0.0579321669660887,0.0249452663944715,0.0243645930386217,1,2732
160,0.8352794988000001,-0.12132450766,0.4690044037999999,0.0703138858758936,0.0224958142097953,0.0348385698230983,1,2732
161,0.8339505156999999,-0.1395202736499999,0.4634298328,0.0936626222525193,0.0395278233532565,0.0495018468590264,1,2732
162,0.8518903834000002,-0.1449796359,0.4338826249,0.0984596798442079,0.0492286837788725,0.0649686478321242,1,2732
163,0.8765617969999999,-0.10949056553,0.4010611297999999,0.0708586803659823,0.0226822327710524,0.0382685346047981,1,2732
164,0.8692298001000002,-0.10780000198,0.4149043688999999,0.0487042632115121,0.0161077845931984,0.0285799621535523,1,2732
165,0.8748084841000001,-0.10195987381,0.4077440706,0.0590703619076691,0.0223040937786116,0.0374375230943054,1,2732
166,0.8754460570999999,-0.10257462459,0.4042434816999999,0.0671935437683247,0.0249918079813669,0.0348550749105872,1,2732
167,0.8786338790000001,-0.09873243511,0.3967649465,0.0536827164027319,0.0251464596911906,0.0396944813713835,1,2732
168,0.8854877036,-0.108875815028,0.36366846436,0.1413946806220412,0.0515532363573463,0.1158305120731255,1,2732
169,0.8681140608999999,-0.3254216051,0.2740851841899999,0.0787521234434412,0.0459712675536832,0.1244994316391086,1,2732
170,0.7979819868999999,-0.3706057450000001,0.4007428939999998,0.0343110949897854,0.0181943958239689,0.0236312894616191,1,2732
171,0.8207749138999999,-0.368761492,0.3619181717999999,0.0298649148564049,0.0125969287813071,0.044259245075626,1,2732
172,0.8537688494999998,-0.3679930507999999,0.2946113750999999,0.0130879669988852,0.006654417898395,0.0148948382428458,1,2732
173,0.9211913004,-0.3357186645999998,0.05975360961,0.0292660115970849,0.0179574743979943,0.1260524553381597,1,2732
174,0.947172041,-0.3142024053999999,-0.0688135173799999,0.0112581069248848,0.0081088753008652,0.0158465453722962,1,2732
175,0.9216694732,-0.3238847243999999,0.0882356820899999,0.0518739520732829,0.0286895883618903,0.1334264037116345,1,2732
176,0.765306822116,-0.4628182774599999,0.181637787,0.4530547936348473,0.3482514261213196,0.107429017516169,1,2732
177,-0.2573464280399999,-0.8976003728,0.2912699024,0.07336189090179,0.0595117050408195,0.070197844932613,1,2732
178,-0.2879495237,-0.8860738121,0.3219796196000001,0.0362746720494578,0.0397477356884458,0.0396557966473856,1,2732
179,-0.3778460926999999,-0.8302852280000002,0.3074999084500001,0.0959395345268111,0.1051230279181515,0.0699021255866473,1,2732
180,0.6358812651200001,-0.48602509985,0.09889656946,0.5660705694491158,0.3217504309048674,0.0835377636893775,1,2732
181,0.9717182809000002,-0.15375258459,0.12562834813,0.0716902328433152,0.0499473253313765,0.0538837984843478,1,2732
182,0.9647050418,-0.1313141999,0.1595204241,0.0189672590376032,0.0085945168163908,0.0125146478279938,1,2732
183,0.966458339,-0.1285478246,0.15283747885,0.0168744443095498,0.0083180207306415,0.0151240074078757,1,2732
184,0.9674146932,-0.13715432632,0.14217659166,0.0293797893518635,0.0200229215933784,0.0237257995795851,1,2732
185,0.9639080956,-0.138383828,0.1571336581,0.026470345418204,0.0137843641295754,0.0173562222115243,1,2732
186,0.9494035242,-0.27193832882,0.0271344742599999,0.0575975278200507,0.0890175955025263,0.0448812406494876,1,2732
187,0.9327606457,-0.3254704043,0.045356439766,0.0704551367845419,0.0461372518304634,0.0757969442981613,1,2732
188,0.9529960251,-0.2652330832,-0.1141232665199999,0.0374461259696311,0.0229114249493666,0.1204203852304102,1,2732
189,0.933145625,-0.2957599140999999,-0.2475027278,0.0305004540949815,0.0302192921403058,0.0461765553282665,1,2732
190,0.9009486290000004,-0.3148171568,-0.3482242555999999,0.021142580637004,0.0100530729505634,0.0226583729554272,1,2732
191,0.8996538919999999,-0.326032707,-0.3459523446000001,0.0197348077117106,0.0152461536319968,0.0420872091971551,1,2732
192,0.8770778307,-0.4197431552,-0.272415867524,0.0959646397679642,0.0547145420779646,0.1712399831315045,1,2732
193,0.8091393606,-0.4459126523999999,-0.3894357367500001,0.1006389903194202,0.0665576337745688,0.2089151297650252,1,2732
194,0.7965897005000001,-0.5350039045999999,0.1051967475159999,0.1293772043279729,0.0827341849911679,0.1624869341160399,1,2732
195,0.7984463814,-0.5232072824999999,0.2143361739399999,0.0847502337388961,0.0485754683542713,0.0839043265226918,1,2732
196,0.7243295211,-0.6080428081,0.3306512378,0.1288518198472854,0.1137471400783367,0.1106780538541703,1,2732
197,0.1035011997179999,0.0194634863433,0.72908205265,0.2098316744698922,0.4975822716641229,0.2853742516714051,1,2732
198,0.678265489176,0.59825084642,0.41721128848,0.2280080686264974,0.2256198082090268,0.1990465863555564,1,2732
199,0.7373995851999999,0.6626459280000002,0.016871073714,0.2206265057945182,0.1136119899106767,0.1707189643602675,1,2732
200,0.6726868049,0.7227377663,-0.007951292062,0.1823214162465246,0.0789926816953407,0.1862477473839855,1,2732
201,0.55027444156,0.7513236546000001,0.2047891165959999,0.1695637563970813,0.1121699117893884,0.2743385878843493,1,2732
202,0.286960346824,0.8183314322000002,0.423098643606,0.2962272180658193,0.1456944181565645,0.2556995238077457,1,2732
203,0.178096233738,0.7806779805,0.4972475127099999,0.4108181635728662,0.0846973448633914,0.2312065854859272,1,2732
204,0.22782624914,0.7590080313,0.5559619623000001,0.1837287743898502,0.0882548895368492,0.1462939513587646,1,2732
205,0.4670722867359999,0.7238135833999999,0.4929513226999999,0.3171954355410349,0.211148509734958,0.139867178885558,1,2732
206,-0.13239760707,0.3004043495932,0.7165117521000001,0.5037957302776193,0.2266118507603146,0.1909720027186588,1,2732
207,0.12374387136,1.0245801577,0.192218813766,0.4446793590619373,0.3962003131425197,0.3144163837116135,1,2732
208,0.142233243298,0.8502984666600001,0.178216458956,0.4578861238707553,0.6110903637214229,0.5053490557686559,1,2732
209,0.226072955116,0.9451236877,-0.02577247189,0.4622581541846861,0.2803758602517499,0.4192773875855613,1,2732
210,0.191006913392,0.8260158207399999,0.192218820026,0.4530690590468069,0.400768128981671,0.4882943532209484,1,2732
211,-0.0010593540219999,0.9004006183700003,0.291030923516,0.3144923830868204,0.4291566455147898,0.194266851632627,1,2732
212,0.26113898639,-0.5199798304800999,0.645704353906,0.2634364096874391,0.3507920910927534,0.3276600108308116,1,2732
213,0.33318376537,-0.5351949077300001,0.68230142947,0.3390713402285789,0.1782525964490079,0.3068103111818372,1,2732
214,0.6361862424999999,-0.470492455,0.5671002079,0.1575335057830029,0.109315313323797,0.115505177302278,1,2732
215,0.6385771118999999,-0.3913433659999999,0.5648725551,0.2023248098316699,0.1088949141738258,0.1467407971464891,1,2732
216,0.5316256764,-0.3045098987099999,0.7476988280000002,0.3239000241490161,0.1142624913526734,0.3086737693677953,1,2732
217,0.6145090564000001,-0.4346832605000001,0.5842849256000001,0.0884774692970352,0.0538119244944183,0.0993689969621272,1,2732
218,0.42180522093,-0.5852970521,0.5952640488000001,0.2153906985623511,0.1319985178173787,0.0720913497072722,1,2732
219,-0.1607692320199999,-0.7941584438000001,0.4961336804,0.114855802728612,0.0964806531027183,0.0707458373908821,1,2732
220,-0.4846519176,-0.6224894273000001,0.5925590527000001,0.0503251556164484,0.0982594308781383,0.0558656703339253,1,2732
221,-0.5421920889999999,-0.6080428053000001,0.5433916681000001,0.017107053395703,0.0105882146626766,0.0164732443136742,1,2732
222,-0.556696689,-0.6083501809000001,0.5330490182000002,0.0143952076050151,0.0085875487788235,0.0108179271028387,1,2732
223,-0.5490459182000001,-0.6045079969000002,0.5271616634000001,0.0246360600562854,0.01293794578213,0.0100367755981118,1,2732
224,-0.10485423378,-0.5757779208000001,0.7175998365000001,0.288633526486498,0.0548432940472882,0.0902806832531908,1,2732
225,0.1050813040999999,-0.5503998148,0.7711683761,0.0705006790419833,0.0468432007660065,0.0634496890687206,1,2732
226,0.2002377819399999,-0.5487092417,0.7329801209,0.1147878533341067,0.0761488840822875,0.1015631239275425,1,2732
227,0.0461065995999999,-0.4998366008999999,0.8106295657000002,0.1620594060684843,0.090974730218632,0.1212491208181114,1,2732
228,0.43565842128,-0.3937921814,0.7226374633000002,0.2933083085454159,0.1607468868488505,0.2656531177358763,1,2732
229,0.5540860049,-0.3361593450999999,0.7075212851999999,0.0953835626068304,0.0574654019882087,0.106345637799073,1,2732
230,0.7512527784999999,-0.3968659304999999,0.4362255456299999,0.0599391354319533,0.0690974517329783,0.1416784226156911,1,2732
231,0.7209684756999999,-0.4405131959,0.4427493784,0.1501472320614126,0.140564999891302,0.0787795524980433,1,2732
232,0.4251386086299999,-0.5952765704,0.60632240203,0.1664542065989341,0.148214038994064,0.2596989047228917,1,2732
233,0.42832643293,-0.6032683236999999,0.5414023718,0.3614187025271423,0.1870110200242991,0.192480377265764,1,2732
234,0.40904010753,-0.2358013607,0.8055378021999999,0.1408333695148628,0.0944998373715277,0.119445394637796,1,2732
235,0.5300179482999999,0.50451160926,0.5363106018,0.2076510705194909,0.3660950445247731,0.1787817345716504,1,2732
236,0.4069680225699999,0.18852998433,0.6106185775,0.2954440786108193,0.5784494441034995,0.2169310313805704,1,2732
237,-0.1477129684399999,-0.8235025792999999,0.473459097,0.1439430898499097,0.1212976443829582,0.0993375882993109,1,2732
238,-0.23713137128,-0.8593117847,0.4217458338000001,0.1032349846762145,0.0433404985308743,0.1012595039910826,1,2732
239,-0.20716584767,-0.9280101245,0.2764713478,0.0933164541206057,0.0344847831105687,0.0756031245197416,1,2732
240,0.5872393515400001,-0.4334435578499999,0.2911101782700001,0.5076574978703999,0.3019538277178836,0.2348166981812464,1,2732
241,0.9694591716999998,-0.2619282545999999,-0.0395364624719999,0.0525326660276153,0.0272833978449333,0.0408041952790337,1,2732
242,0.9641992681999996,-0.2573176284,-0.06085823741,0.0207041060971782,0.0232720222848516,0.0163868546881019,1,2732
243,0.9696185615999998,-0.2424099308,-0.0226699828859999,0.0147691618362707,0.0160305842078349,0.0196512167417636,1,2732
244,0.9716906448999998,-0.2331886715,-0.0142367432699999,0.0184125603360174,0.0122901607806214,0.0173503266278737,1,2732
245,0.9468256361,-0.1726357659956,0.109079495108,0.1191881560411856,0.0823353900957544,0.1346361261582428,1,2732
246,1.0028017826,0.0289079772676,-0.028374757452,0.0397567303824415,0.0829393987108408,0.0989326696556014,1,2732
247,0.9919057006,0.0685203948,0.0229961825799999,0.0053992834724882,0.0077169115394634,0.0079703386218114,1,2732
248,0.9920650923,0.0692888328,0.02506471307,0.0071980537722276,0.0080126851927168,0.007865365543969,1,2732
249,0.9930214401999998,0.0714404592,0.02315530031,0.0082853112245926,0.0072629926164126,0.0079815610693596,1,2732
250,0.9927026574,0.06882777,0.02601941945,0.0073950083392173,0.0077230924868215,0.0076276661707846,1,2732
251,0.9915869182,0.06882777,0.0304747158899999,0.0059163535120732,0.0077230924868215,0.0040802941382671,1,2732
252,0.9911087439,0.0728236476,0.0290426563199999,0.0027327097729354,0.0065968050263575,0.0058627396884924,1,2732
253,0.9912681358,0.0712867716,0.0307929513199999,0.0063756504242426,0.0073169933050301,0.0052433059678664,1,2732
254,0.9912681353,0.0705183336,0.0307929513299999,0.0038712693621822,0.0075338757312618,0.0047304776737911,1,2732
255,0.9912681352,0.0728236476,0.0301564804199999,0.0031391540425814,0.0065968050263575,0.0051049097224363,1,2732
256,0.9919057004,0.0709793964,0.03095206908,0.0043459619799138,0.0074141687873487,0.0031337661803115,1,2732
257,0.9909493526,0.0692888328,0.0311111868099999,0.0022427199749265,0.0077091783863641,0.0027280195080804,1,2732
258,0.99063057,0.0720552096,0.0307929513499999,0.0,0.0070088925920159,0.0034853611177869,1,2732
259,0.9909493526,0.0694425204,0.03095206908,0.0022427199749265,0.0076983389215866,0.0031337661803115,1,2732
260,0.9906305705,0.0677519568,0.0303155981499999,0.0055492907458405,0.007647031637951,0.0048925908453947,1,2732
261,0.9912681353,0.0722088972,0.0299973626899999,0.0038712693621822,0.006935319852493,0.0053039243,1,2732
262,0.9907899613,0.0746678988,0.0306338336099999,0.001593913,0.0050194159972395,0.0044202583441731,1,2732
263,0.9909493527,0.0708257088,0.03063383362,0.0031878254848486,0.0074574846502653,0.0037978737975371,1,2732
264,0.9915869178,0.0731310228,0.0299973626999999,0.0038044034553873,0.006398525029191,0.0047975800718461,1,2732
265,0.9914108501999996,0.07267687296,0.0300591170799999,0.0055125449764917,0.0067733085748233,0.006136181806118,1,2732
266,0.9917827162,0.07240355428,0.03085254359,0.0051948721091423,0.0068606316228833,0.0044207496513073,1,2732
267,0.9910265364999998,0.07398631596,0.0310974987799999,0.0022328059362294,0.0057939429049657,0.0037928645590533,1,2732
268,0.9917325447999998,0.0743707132,0.0302357315799999,0.0054654130061578,0.005515388353203,0.0067923375554774,1,2732
269,0.9910949819999996,0.07252646296,0.0321451445199999,0.0022427157537677,0.0068574763334502,0.0022388708409001,1,2732
270,0.9909355909999996,0.072833838,0.0318269090399999,0.0015939099999999,0.0066883908078111,0.0031337663772578,1,2732
271,0.9912543729999996,0.0743707132,0.0315086735599999,0.0027327046295371,0.005515388353203,0.0037978740362204,1,2732
272,0.9914137615999998,0.07191171292,0.0319860266849999,0.0063756463030343,0.0080838277609563,0.0069541930705455,1,2732
273,0.9912543729999996,0.0736022756,0.0316677912999999,0.0027327046295371,0.0061784707733362,0.0034853613368299,1,2732
274,0.9914137639999996,0.07390965064,0.0307130848599999,0.0031391481341898,0.0059342273938529,0.0050037125231182,1,2732
275,0.9909355909999996,0.07221908792,0.0311904380799999,0.0015939099999999,0.0070088889436317,0.0043385030950234,1,2732
276,0.9912543697999996,0.0914300368799999,0.0111416039449999,0.0069661438347119,0.0192823784957817,0.0339405949641636,1,2732
277,0.9757934245999996,0.1338478018599999,0.06460516063,0.0392276019448795,0.0322584895938849,0.0693386336946614,1,2732
278,0.9655923961,0.13046667576,0.1672360956,0.0431740062077651,0.0384296490165622,0.0619139852212886,1,2732
279,0.9726055873,0.11863273595,0.1486193206,0.0084827291299559,0.0086979956964992,0.0171494358210523,1,2732
280,0.9734025401,0.110487296,0.1444822656,0.0045844624658514,0.0078760372967633,0.0081291865024589,1,2732
281,0.9743588870000002,0.1071061699,0.1443231504999999,0.0035496651606423,0.0021624651927835,0.0057459773012798,1,2732
282,0.9748370600000004,0.0969627915999999,0.1422546209999999,2.2316322462394835e-16,0.0072052745790847,0.004797585197539,1,2732
283,0.9746776689000004,0.0920447899999999,0.1459143275,0.001593911,2.7895403077993544e-17,0.0053781344095457,1,2732
284,0.9748370600000004,0.0917374147199999,0.1436866821,2.2316322462394835e-16,0.0021624664591312,0.001591179,1,2732
285,0.974996455,0.09081528836,0.1425728533,0.00920105338991,0.0126771660240186,0.020564408909064,1,2732
286,0.973243152,0.0906615995899999,0.1505287309,0.0080097035427727,0.0113705320997884,0.0126285597618375,1,2732
287,0.9741994962,0.0877415360799999,0.1460734417999999,0.0044854365614413,0.0069353216575364,0.0084681727522882,1,2732
288,0.9748370600000004,0.0882025989999999,0.1432093279999999,2.2316322462394835e-16,0.0066883960301407,0.0038646277701826,1,2732
289,0.9741994977,0.0865120344799999,0.1455960887,0.0067661906254793,0.0101334513214819,0.0125707164637231,1,2732
290,0.9743588876,0.0837456574399999,0.1478237371,0.0047817361212138,0.0076983409252197,0.009151796261668,1,2732
291,0.9748370600000004,0.07959609116,0.1435275641999999,2.2316322462394835e-16,0.0060595539198102,0.0022388730921848,1,2732
292,0.9748370600000004,0.07729077656,0.1441640341999999,2.2316322462394835e-16,0.0030268225204311,0.0039041262471996,1,2732
293,0.9686208223,0.05746508401,0.1782152177,0.0193423871522785,0.0355849297971751,0.0297226337865499,1,2732
294,0.9426400936,0.11648110767,0.2472723152,0.0282032451982328,0.0520192410753466,0.0294442730271255,1,2732
295,0.9357863035999998,0.2128432021999999,0.2249958316,0.0088831845459274,0.0117675171775655,0.014032864563996,1,2732
296,0.9464654873,0.2257529555999999,0.1621443262999999,0.0107652073806924,0.0128305608523658,0.0277334438954559,1,2732
297,0.9333954395,0.222064455,0.2199040638999999,0.0081683208459566,0.007698333912504,0.0116598619471748,1,2732
298,0.9311639659999998,0.22544558,0.2232455335999999,0.0070266566366903,0.0072052722349539,0.0057637542109487,1,2732
299,0.928773101,0.2237550175,0.2275417129999999,0.0050123056220654,0.0076470266622525,0.0073701850465698,1,2732
